LOG3759298,0,0,1,1,0,1,0,1,0,8,0,6,0,5,0,3,106,-1,-1
LOG3759354,0,0,1,1,0,1,0,1,0,8,0,6,0,5,0,3,106,-1,-1
LOG3759411,0,0,1,1,0,1,0,1,0,8,0,6,0,5,0,3,106,-1,-1
LOG3759467,0,0,1,1,0,1,0,1,0,8,0,6,0,5,0,3,106,-1,-1
LOG3759523,0,0,1,1,0,1,0,1,0,8,0,6,0,5,0,3,106,-1,-1
LOG3759580,0,0,1,1,0,1,0,1,0,8,0,6,0,5,0,3,106,-1,-1
LOG3759635,0,0,1,1,0,1,0,1,0,8,0,6,0,5,0,3,105,-1,-1
LOG3759691,0,0,1,1,0,1,0,1,0,8,0,6,0,5,0,3,105,-1,-1
LOG3759748,0,0,1,1,0,1,0,1,0,8,0,6,0,5,0,3,105,-1,-1
LOG3759804,0,0,1,1,0,1,0,1,0,8,0,6,0,5,0,3,105,-1,-1
LOG3759860,0,0,1,1,0,1,0,1,0,8,0,6,0,5,0,3,105,-1,-1
LOG3759917,0,0,1,1,0,1,0,1,0,8,0,6,0,5,0,3,105,-1,-1
LOG3759973,0,0,1,1,0,1,0,1,0,8,0,6,0,5,0,3,105,-1,-1
LOG3760028,0,0,1,1,0,1,0,1,0,8,0,6,0,5,0,3,105,-1,-1
LOG3760084,0,0,1,1,0,1,0,1,0,8,0,6,0,5,0,3,104,-1,-1
LOG3760141,0,0,1,1,0,1,0,1,0,8,0,6,0,5,0,3,105,-1,-1
LOG3760197,0,0,1,1,0,1,0,1,0,8,0,6,0,5,0,3,104,-1,-1
LOG3760253,0,0,1,1,0,1,0,1,0,8,0,6,0,5,0,3,104,-1,-1
LOG3760310,0,0,1,1,0,1,0,1,0,8,0,6,0,5,0,3,104,-1,-1
LOG3760365,0,0,1,1,0,1,0,1,0,8,0,6,0,5,0,3,104,-1,-1
LOG3760421,0,0,1,1,0,1,0,1,0,8,0,6,0,5,0,3,104,-1,-1
LOG3760478,0,0,1,1,0,1,0,1,0,8,0,6,0,5,0,3,104,-1,-1
LOG3760534,0,0,1,1,0,1,0,1,0,8,0,6,0,5,0,3,104,-1,-1
LOG3760590,0,0,1,1,0,1,0,1,0,8,0,6,0,5,0,3,104,-1,-1
LOG3760647,0,0,1,1,0,1,0,1,0,8,0,6,0,5,0,3,104,-1,-1
LOG3760703,0,0,1,1,0,1,0,1,0,8,0,6,0,5,0,3,104,-1,-1
LOG3760758,0,0,1,1,0,1,0,1,0,8,0,6,0,5,0,3,103,-1,-1
LOG3760815,0,0,1,1,0,1,0,1,0,8,0,6,0,5,0,3,103,-1,-1
LOG3760871,0,0,1,1,0,1,0,1,0,8,0,6,0,5,0,3,103,-1,-1
LOG3760927,0,0,1,1,0,1,0,1,0,8,0,6,0,5,0,3,103,-1,-1
LOG3760984,0,0,1,1,0,1,0,1,0,8,0,6,0,5,0,3,103,-1,-1
LOG3761040,0,0,1,1,0,1,0,1,0,8,0,6,0,5,0,3,103,-1,-1
LOG3761095,0,0,1,1,0,1,0,1,0,8,0,6,0,5,0,3,103,-1,-1
LOG3761152,0,0,1,1,0,1,0,1,0,8,0,6,0,5,0,3,103,-1,-1
LOG3761208,0,0,1,1,0,1,0,1,0,8,0,6,0,5,0,3,103,-1,-1
LOG3761264,0,0,1,1,0,1,0,1,0,8,0,6,0,5,0,3,102,-1,-1
LOG3761320,0,0,1,1,0,1,0,1,0,8,0,6,0,5,0,3,102,-1,-1
LOG3761377,0,0,1,1,0,1,0,1,0,8,0,6,0,5,0,3,102,-1,-1
LOG3761432,0,0,1,1,0,1,0,1,0,8,0,6,0,5,0,3,102,-1,-1
LOG3761488,0,0,1,1,0,1,0,1,0,8,0,6,0,5,0,3,102,-1,-1
LOG3761545,0,0,1,1,0,1,0,1,0,8,0,6,0,5,0,3,102,-1,-1
LOG3761601,0,0,1,1,0,1,0,1,0,8,0,6,0,5,0,3,102,-1,-1
LOG3761657,0,0,1,1,0,1,0,1,0,8,0,6,0,5,0,3,102,-1,-1
LOG3761714,0,0,1,1,0,1,0,1,0,8,0,6,0,5,0,3,102,-1,-1
LOG3761770,0,0,1,1,0,1,0,1,0,8,0,6,0,5,0,3,102,-1,-1
LOG3761825,0,0,1,1,0,1,0,1,0,8,0,6,0,5,0,3,102,-1,-1
LOG3761882,0,0,1,1,0,1,0,1,0,8,0,6,0,5,0,3,101,-1,-1
LOG3761938,0,0,1,1,0,1,0,1,0,8,0,6,0,5,0,3,101,-1,-1
LOG3761994,0,0,1,1,0,1,0,1,0,8,0,6,0,5,0,3,101,-1,-1
LOG3762051,0,0,1,1,0,1,0,1,0,8,0,6,0,5,0,3,101,-1,-1
LOG3762107,0,0,1,1,0,1,0,1,0,8,0,6,0,5,0,3,101,-1,-1
LOG3762162,0,0,1,1,0,1,0,1,0,8,0,6,0,5,0,3,101,-1,-1
LOG3762219,0,0,1,1,0,1,0,1,0,8,0,6,0,5,0,3,101,-1,-1
LOG3762275,0,0,1,1,0,1,0,1,0,8,0,6,0,5,0,3,101,-1,-1
LOG3762331,0,0,1,1,0,1,0,1,0,8,0,6,0,5,0,3,101,-1,-1
LOG3762387,0,0,1,1,0,1,0,1,0,8,0,6,0,5,0,3,101,-1,-1
LOG3762444,0,0,1,1,0,1,0,1,0,8,0,6,0,5,0,3,101,-1,-1
LOG3762500,0,0,1,1,0,1,0,1,0,8,0,6,0,5,0,3,101,-1,-1
LOG3762555,0,0,1,1,0,1,0,1,0,8,0,6,0,5,0,3,101,-1,-1
LOG3762612,0,0,1,1,0,1,0,1,0,8,0,6,0,5,0,3,100,-1,-1
LOG3762668,0,0,1,1,0,1,0,1,0,8,0,6,0,5,0,3,100,-1,-1
LOG3762724,0,0,1,1,0,1,0,1,0,8,0,6,0,5,0,3,100,-1,-1
LOG3762781,0,0,1,1,0,1,0,1,0,8,0,6,0,5,0,3,100,-1,-1
LOG3762837,0,0,1,1,0,1,0,1,0,8,0,6,0,5,0,3,100,-1,-1
LOG3762892,0,0,1,1,0,1,0,1,0,8,0,6,0,5,0,3,100,-1,-1
LOG3762949,0,0,1,1,0,1,0,1,0,8,0,6,0,5,0,3,100,-1,-1
LOG3763005,0,0,1,1,0,1,0,1,0,8,0,6,0,5,0,3,100,-1,-1
LOG3763061,0,0,1,1,0,1,0,1,0,8,0,6,0,5,0,3,100,-1,-1
LOG3763118,0,0,1,1,0,1,0,1,0,8,0,6,0,5,0,3,100,-1,-1
LOG3763174,0,0,1,1,0,1,0,1,0,8,0,6,0,5,0,3,99,-1,-1
LOG3763228,0,0,1,1,0,1,0,1,0,8,0,6,0,5,0,3,99,-1,-1
LOG3763283,0,0,1,1,0,1,0,1,0,8,0,6,0,5,0,3,99,-1,-1
LOG3763339,0,0,1,1,0,1,0,1,0,8,0,6,0,5,0,3,99,-1,-1
LOG3763394,0,0,1,1,0,1,0,1,0,8,0,6,0,5,0,3,99,-1,-1
LOG3763449,0,0,1,1,0,1,0,1,0,8,0,6,0,5,0,3,99,-1,-1
LOG3763505,0,0,1,1,0,1,0,1,0,8,0,6,0,5,0,3,99,-1,-1
LOG3763559,0,0,1,1,0,1,0,1,0,8,0,6,0,5,0,3,99,-1,-1
LOG3763614,0,0,1,1,0,1,0,1,0,8,0,6,0,5,0,3,99,-1,-1
LOG3763670,0,0,1,1,0,1,0,1,0,8,0,6,0,5,0,3,99,-1,-1
LOG3763725,0,0,1,1,0,1,0,1,0,8,0,6,0,5,0,3,99,-1,-1
LOG3763780,0,0,1,1,0,1,0,1,0,8,0,6,0,5,0,3,99,-1,-1
LOG3763835,0,0,1,1,0,1,0,1,0,8,0,6,0,5,0,3,98,-1,-1
LOG3763890,0,0,1,1,0,1,0,1,0,8,0,6,0,5,0,3,98,-1,-1
LOG3763945,0,0,1,1,0,1,0,1,0,8,0,6,0,5,0,3,98,-1,-1
LOG3764000,0,0,1,1,0,1,0,1,0,8,0,6,0,5,0,3,98,-1,-1
LOG3764056,0,0,1,1,0,1,0,1,0,8,0,6,0,5,0,3,98,-1,-1
LOG3764111,0,0,1,1,0,1,0,1,0,8,0,6,0,5,0,3,98,-1,-1
LOG3764166,0,0,1,1,0,1,0,1,0,8,0,6,0,5,0,3,98,-1,-1
LOG3764220,0,0,1,1,0,1,0,1,0,8,0,6,0,5,0,3,98,-1,-1
LOG3764276,0,0,1,1,0,1,0,1,0,8,0,6,0,5,0,3,98,-1,-1
LOG3764331,0,0,1,1,0,1,0,1,0,8,0,6,0,5,0,3,98,-1,-1
LOG3764386,0,0,1,1,0,1,0,1,0,8,0,6,0,5,0,3,98,-1,-1
LOG3764442,0,0,1,1,0,1,0,1,0,8,0,6,0,5,0,3,97,-1,-1
LOG3764497,0,0,1,1,0,1,0,1,0,8,0,6,0,5,0,3,97,-1,-1
LOG3764551,0,0,1,1,0,1,0,1,0,8,0,6,0,5,0,3,97,-1,-1
LOG3764606,0,0,1,1,0,1,0,1,0,8,0,6,0,5,0,3,97,-1,-1
LOG3764662,0,0,1,1,0,1,0,1,0,8,0,6,0,5,0,3,97,-1,-1
LOG3764717,0,0,1,1,0,1,0,1,0,8,0,6,0,5,0,3,97,-1,-1
LOG3764772,0,0,1,1,0,1,0,1,0,8,0,6,0,5,0,3,97,-1,-1
LOG3764827,0,0,1,1,0,1,0,1,0,8,0,6,0,5,0,3,97,-1,-1
LOG3764882,0,0,1,1,0,1,0,1,0,8,0,6,0,5,0,3,97,-1,-1
LOG3764937,0,0,1,1,0,1,0,1,0,8,0,6,0,5,0,3,97,-1,-1
LOG3764993,0,0,1,1,0,1,0,1,0,8,0,6,0,5,0,3,96,-1,-1
LOG3765048,0,0,1,1,0,1,0,1,0,8,0,6,0,5,0,3,96,-1,-1
LOG3765103,0,0,1,1,0,1,0,1,0,8,0,6,0,5,0,3,96,-1,-1
LOG3765157,0,0,1,1,0,1,0,1,0,8,0,6,0,5,0,3,96,-1,-1
LOG3765213,0,0,1,1,0,1,0,1,0,8,0,6,0,5,0,3,96,-1,-1
LOG3765268,0,0,1,1,0,1,0,1,0,8,0,6,0,5,0,3,96,-1,-1
LOG3765323,0,0,1,1,0,1,0,1,0,8,0,6,0,5,0,3,96,-1,-1
LOG3765379,0,0,1,1,0,1,0,1,0,8,0,6,0,5,0,3,96,-1,-1
LOG3765434,0,0,1,1,0,1,0,1,0,8,0,6,0,5,0,3,96,-1,-1
LOG3765488,0,0,1,1,0,1,0,1,0,8,0,6,0,5,0,3,96,-1,-1
LOG3765543,0,0,1,1,0,1,0,1,0,8,0,6,0,5,0,3,96,-1,-1
LOG3765599,0,0,1,1,0,1,0,1,0,8,0,6,0,5,0,3,96,-1,-1
LOG3765654,0,0,1,1,0,1,0,1,0,8,0,6,0,5,0,3,96,-1,-1
LOG3765709,0,0,1,1,0,1,0,1,0,8,0,6,0,5,0,3,95,-1,-1
LOG3765765,0,0,1,1,0,1,0,1,0,8,0,6,0,5,0,3,95,-1,-1
LOG3765819,0,0,1,1,0,1,0,1,0,8,0,6,0,5,0,3,95,-1,-1
LOG3765874,0,0,1,1,0,1,0,1,0,8,0,6,0,5,0,3,95,-1,-1
LOG3765929,0,0,1,1,0,1,0,1,0,8,0,6,0,5,0,3,95,-1,-1
LOG3765985,0,0,1,1,0,1,0,1,0,8,0,6,0,5,0,3,95,-1,-1
LOG3766040,0,0,1,1,0,1,0,1,0,8,0,6,0,5,0,3,95,-1,-1
LOG3766095,0,0,1,1,0,1,0,1,0,8,0,6,0,5,0,3,95,-1,-1
LOG3766150,0,0,1,1,0,1,0,1,0,8,0,6,0,5,0,3,95,-1,-1
LOG3766205,0,0,1,1,0,1,0,1,0,8,0,6,0,5,0,3,95,-1,-1
LOG3766260,0,0,1,1,0,1,0,1,0,8,0,6,0,5,0,3,95,-1,-1
LOG3766316,0,0,1,1,0,1,0,1,0,8,0,6,0,5,0,3,95,-1,-1
LOG3766371,0,0,1,1,0,1,0,1,0,8,0,6,0,5,0,3,94,-1,-1
LOG3766425,0,0,1,1,0,1,0,1,0,8,0,6,0,5,0,3,94,-1,-1
LOG3766480,0,0,1,1,0,1,0,1,0,8,0,6,0,5,0,3,94,-1,-1
LOG3766536,0,0,1,1,0,1,0,1,0,8,0,6,0,5,0,3,94,-1,-1
LOG3766591,0,0,1,1,0,1,0,1,0,8,0,6,0,5,0,3,94,-1,-1
LOG3766646,0,0,1,1,0,1,0,1,0,8,0,6,0,5,0,3,94,-1,-1
LOG3766702,0,0,1,1,0,1,0,1,0,8,0,6,0,5,0,3,94,-1,-1
LOG3766756,0,0,1,1,0,1,0,1,0,8,0,6,0,5,0,3,94,-1,-1
LOG3766811,0,0,1,1,0,1,0,1,0,8,0,6,0,5,0,3,94,-1,-1
LOG3766866,0,0,1,1,0,1,0,1,0,8,0,6,0,5,0,3,94,-1,-1
LOG3766922,0,0,1,1,0,1,0,1,0,8,0,6,0,5,0,3,93,-1,-1
LOG3766977,0,0,1,1,0,1,0,1,0,8,0,6,0,5,0,3,93,-1,-1
LOG3767032,0,0,1,1,0,1,0,1,0,8,0,6,0,5,0,3,93,-1,-1
LOG3767087,0,0,1,1,0,1,0,1,0,8,0,6,0,5,0,3,93,-1,-1
LOG3767142,0,0,1,1,0,1,0,1,0,8,0,6,1,5,0,3,93,-1,-1
LOG3767197,0,0,1,1,0,1,0,1,0,8,0,6,0,5,0,3,93,-1,-1
LOG3767252,0,0,1,1,0,1,0,1,0,8,0,6,0,5,0,3,93,-1,-1
LOG3767308,0,0,1,1,0,1,0,1,0,8,0,6,0,5,0,3,93,-1,-1
LOG3767363,0,0,1,1,0,1,0,1,0,8,0,6,0,5,0,3,93,-1,-1
LOG3767417,0,0,1,1,0,1,0,1,0,8,0,6,0,5,0,3,93,-1,-1
LOG3767473,0,0,1,1,0,1,0,1,0,8,0,6,0,5,0,3,93,-1,-1
LOG3767528,0,0,1,1,0,1,0,1,0,8,0,6,0,5,0,3,93,-1,-1
LOG3767583,0,0,1,1,0,1,0,1,0,8,0,6,0,5,0,3,92,-1,-1
LOG3767639,0,0,1,1,0,1,0,1,0,8,0,6,0,5,0,3,92,-1,-1
LOG3767694,0,0,1,1,0,1,0,1,0,8,0,6,0,5,0,3,92,-1,-1
LOG3767748,0,0,1,1,0,1,0,1,0,8,0,6,0,5,0,3,92,-1,-1
LOG3767803,0,0,1,1,0,1,0,1,0,8,0,6,0,5,0,3,92,-1,-1
LOG3767859,0,0,1,1,0,1,0,1,0,8,0,6,0,5,0,3,92,-1,-1
LOG3767914,0,0,1,1,0,1,0,1,0,8,0,6,0,5,0,3,92,-1,-1
LOG3767969,0,0,1,1,0,1,0,1,0,8,0,6,0,5,0,3,92,-1,-1
LOG3768025,0,0,1,1,0,1,0,1,0,8,0,6,0,5,0,3,92,-1,-1
LOG3768079,0,0,1,1,0,1,0,1,0,8,0,6,0,5,0,3,92,-1,-1
LOG3768134,0,0,1,1,0,1,0,1,0,8,0,6,0,5,0,3,92,-1,-1
LOG3768189,0,0,1,1,0,1,0,1,0,8,0,6,0,5,0,3,92,-1,-1
LOG3768245,0,0,1,1,0,1,0,1,0,8,0,6,0,5,0,3,91,-1,-1
LOG3768300,0,0,1,1,0,1,0,1,0,8,0,6,0,5,0,3,91,-1,-1
LOG3768354,0,0,1,1,0,1,0,1,0,8,0,6,0,5,0,3,91,-1,-1
LOG3768410,0,0,1,1,0,1,0,1,0,8,0,6,0,5,0,3,91,-1,-1
LOG3768465,0,0,1,1,0,1,0,1,0,8,0,6,0,5,0,3,91,-1,-1
LOG3768520,0,0,1,1,0,1,0,1,0,8,0,6,0,5,0,3,91,-1,-1
LOG3768576,0,0,1,1,0,1,0,1,0,8,0,6,0,5,0,3,91,-1,-1
LOG3768631,0,0,1,1,0,1,0,1,0,8,0,6,0,5,0,3,91,-1,-1
LOG3768685,0,0,1,1,0,1,0,1,0,8,0,6,0,5,0,3,91,-1,-1
LOG3768740,0,0,1,1,0,1,0,1,0,8,0,6,0,5,0,3,91,-1,-1
LOG3768796,0,0,1,1,0,1,0,1,0,8,0,6,0,5,0,3,91,-1,-1
LOG3768851,0,0,1,1,0,1,0,1,0,8,0,6,0,5,0,3,91,-1,-1
LOG3768906,0,0,1,1,0,1,0,1,0,8,0,6,0,5,0,3,90,-1,-1
LOG3768962,0,0,1,1,0,1,0,1,0,8,0,6,0,5,0,3,90,-1,-1
LOG3769016,0,0,1,1,0,1,0,1,0,8,0,6,0,5,0,3,90,-1,-1
LOG3769071,0,0,1,1,0,1,0,1,0,8,0,6,0,5,0,3,90,-1,-1
LOG3769126,0,0,1,1,0,1,0,1,0,8,0,6,0,5,0,3,90,-1,-1
LOG3769182,0,0,1,1,0,1,0,1,0,8,0,6,0,5,0,3,90,-1,-1
LOG3769237,0,0,1,1,0,1,0,1,0,8,0,6,0,5,0,3,90,-1,-1
LOG3769292,0,0,1,1,0,1,0,1,0,8,0,6,0,5,0,3,90,-1,-1
LOG3769347,0,0,1,1,0,1,0,1,0,8,0,6,0,5,0,3,90,-1,-1
LOG3769402,0,0,1,1,0,1,0,1,0,8,0,6,0,5,0,3,90,-1,-1
LOG3769457,0,0,1,1,0,1,0,1,0,8,0,6,0,5,0,3,90,-1,-1
LOG3769512,0,0,1,1,0,1,0,1,0,8,0,6,0,5,0,3,90,-1,-1
LOG3769568,0,0,1,1,0,1,0,1,0,8,0,6,0,5,0,3,90,-1,-1
LOG3769623,0,0,1,1,0,1,0,1,0,8,0,6,0,5,0,3,89,-1,-1
LOG3769677,0,0,1,1,0,1,0,1,0,8,0,6,0,5,0,3,89,-1,-1
LOG3769733,0,0,1,1,0,1,0,1,0,8,0,6,0,5,0,3,89,-1,-1
LOG3769788,0,0,1,1,0,1,0,1,0,8,0,6,0,5,0,3,89,-1,-1
LOG3769843,0,0,1,1,0,1,0,1,0,8,0,6,0,5,0,3,89,-1,-1
LOG3769899,0,0,1,1,0,1,0,1,0,8,0,6,0,5,0,3,89,-1,-1
LOG3769953,0,0,1,1,0,1,0,1,0,8,0,6,0,5,0,3,89,-1,-1
LOG3770008,0,0,1,1,0,1,0,1,0,8,0,6,0,5,0,3,89,-1,-1
LOG3770063,0,0,1,1,0,1,0,1,0,8,0,6,0,5,0,3,89,-1,-1
LOG3770119,0,0,1,1,0,1,0,1,0,8,0,6,0,5,0,3,89,-1,-1
LOG3770174,0,0,1,1,0,1,0,1,0,8,0,6,0,5,0,3,89,-1,-1
LOG3770229,0,0,1,1,0,1,0,1,0,8,0,6,0,5,0,3,89,-1,-1
LOG3770284,0,0,1,1,0,1,0,1,0,8,0,6,0,5,0,3,89,-1,-1
LOG3770339,0,0,1,1,0,1,0,1,0,8,0,6,0,5,0,3,88,-1,-1
LOG3770394,0,0,1,1,0,1,0,1,0,8,0,6,0,5,0,3,88,-1,-1
LOG3770449,0,0,1,1,0,1,0,1,0,8,0,6,0,5,0,3,88,-1,-1
LOG3770505,0,0,1,1,0,1,0,1,0,8,0,6,0,5,0,3,88,-1,-1
LOG3770560,0,0,1,1,0,1,0,1,0,8,0,6,0,5,0,3,88,-1,-1
LOG3770614,0,0,1,1,0,1,0,1,0,8,0,6,0,5,0,3,88,-1,-1
LOG3770670,0,0,1,1,0,1,0,1,0,8,0,6,0,5,0,3,88,-1,-1
LOG3770725,0,0,1,1,0,1,0,1,0,8,0,6,0,5,0,3,88,-1,-1
LOG3770780,0,0,1,1,0,1,0,1,0,8,0,6,0,5,0,3,88,-1,-1
LOG3770835,0,0,1,1,0,1,0,1,0,8,0,6,0,5,0,3,88,-1,-1
LOG3770891,0,0,1,1,0,1,0,1,0,8,0,6,0,5,0,3,88,-1,-1
LOG3770945,0,0,1,1,0,1,0,1,0,8,0,6,0,5,0,3,88,-1,-1
LOG3771000,0,0,1,1,0,1,0,1,0,8,0,6,0,5,0,3,87,-1,-1
LOG3771056,0,0,1,1,0,1,0,1,0,8,0,6,0,5,0,3,87,-1,-1
LOG3771111,0,0,1,1,0,1,0,1,0,8,0,6,0,5,0,3,87,-1,-1
LOG3771166,0,0,1,1,0,1,0,1,0,8,0,6,0,5,0,3,87,-1,-1
LOG3771222,0,0,1,1,0,1,0,1,0,8,0,6,0,5,0,3,87,-1,-1
LOG3771276,0,0,1,1,0,1,0,1,0,8,0,6,0,5,0,3,87,-1,-1
LOG3771331,0,0,1,1,0,1,0,1,0,8,0,6,0,5,0,3,87,-1,-1
LOG3771386,0,0,1,1,0,1,0,1,0,8,0,6,0,5,0,3,87,-1,-1
LOG3771442,0,0,1,1,0,1,0,1,0,8,0,6,0,5,0,3,87,-1,-1
LOG3771497,0,0,1,1,0,1,0,1,0,8,0,6,0,5,0,3,87,-1,-1
LOG3771552,0,0,1,1,0,1,0,1,0,8,0,6,0,5,0,3,87,-1,-1
LOG3771607,0,0,1,1,0,1,0,1,0,8,0,6,0,5,0,3,87,-1,-1
LOG3771662,0,0,1,1,0,1,0,1,0,8,0,6,0,5,0,3,87,-1,-1
LOG3771717,0,0,1,1,0,1,0,1,0,8,0,6,0,5,0,3,87,-1,-1
LOG3771772,0,0,1,1,0,1,0,1,0,8,0,6,0,5,0,3,86,-1,-1
LOG3771828,0,0,1,1,0,1,0,1,0,8,0,6,0,5,0,3,86,-1,-1
LOG3771882,0,0,1,1,0,1,0,1,0,8,0,6,0,5,0,3,86,-1,-1
LOG3771937,0,0,1,1,0,1,0,1,0,8,0,6,0,5,0,3,86,-1,-1
LOG3771993,0,0,1,1,0,1,0,1,0,8,0,6,0,5,0,3,86,-1,-1
LOG3772048,0,0,1,1,0,1,0,1,0,8,0,6,0,5,0,3,86,-1,-1
LOG3772103,0,0,1,1,0,1,0,1,0,8,0,6,0,5,0,3,86,-1,-1
LOG3772158,0,0,1,1,0,1,0,1,0,8,0,6,0,5,0,3,86,-1,-1
LOG3772213,0,0,1,1,0,1,0,1,0,8,0,6,0,5,0,3,86,-1,-1
LOG3772268,0,0,1,1,0,1,0,1,0,8,0,6,0,5,0,3,86,-1,-1
LOG3772323,0,0,1,1,0,1,0,1,0,8,0,6,0,5,0,3,86,-1,-1
LOG3772379,0,0,1,1,0,1,0,1,0,8,0,6,0,5,0,3,86,-1,-1
LOG3772434,0,0,1,1,0,1,0,1,0,8,0,6,0,5,0,3,86,-1,-1
LOG3772489,0,0,1,1,0,1,0,1,0,8,0,6,0,5,0,3,85,-1,-1
LOG3772544,0,0,1,1,0,1,0,1,0,8,0,6,0,5,0,3,85,-1,-1
LOG3772599,0,0,1,1,0,1,0,1,0,8,0,6,0,5,0,3,85,-1,-1
LOG3772654,0,0,1,1,0,1,0,1,0,8,0,6,0,5,0,3,85,-1,-1
LOG3772709,0,0,1,1,0,1,0,1,0,8,0,6,0,5,0,3,85,-1,-1
LOG3772765,0,0,1,1,0,1,0,1,0,8,0,6,0,5,0,3,85,-1,-1
LOG3772820,0,0,1,1,0,1,0,1,0,8,0,6,0,5,0,3,85,-1,-1
LOG3772874,0,0,1,1,0,1,0,1,0,8,0,6,0,5,0,3,85,-1,-1
LOG3772930,0,0,1,1,0,1,0,1,0,8,0,6,0,5,0,3,85,-1,-1
LOG3772985,0,0,1,1,0,1,0,1,0,8,0,6,0,5,0,3,85,-1,-1
LOG3773040,0,0,1,1,0,1,0,1,0,8,0,6,0,5,0,3,85,-1,-1
LOG3773095,0,0,1,1,0,1,0,1,0,8,0,6,0,5,0,3,84,-1,-1
LOG3773151,0,0,1,1,0,1,0,1,0,8,0,6,0,5,0,3,85,-1,-1
LOG3773205,0,0,1,1,0,1,0,1,0,8,0,6,0,5,0,3,84,-1,-1
LOG3773260,0,0,1,1,0,1,0,1,0,8,0,6,0,5,0,3,84,-1,-1
LOG3773316,0,0,1,1,0,1,0,1,0,8,0,6,0,5,0,3,84,-1,-1
LOG3773371,0,1,1,1,0,1,0,1,0,8,0,6,0,5,0,3,84,-1,-1
LOG3773426,0,1,1,1,0,1,0,1,0,8,0,6,0,5,0,3,84,-1,-1
LOG3773480,0,1,1,1,0,1,0,1,0,8,0,6,0,5,0,3,86,-1,-1
LOG3773536,0,1,1,1,0,1,0,1,0,8,0,6,0,5,0,3,91,-1,-1
LOG3773591,0,1,1,1,0,1,0,1,0,8,0,6,0,5,0,3,95,-1,-1
LOG3773646,0,1,1,1,0,1,0,1,0,8,0,6,0,5,0,3,100,-1,-1
LOG3773703,0,1,1,1,0,1,0,1,0,8,0,6,0,5,0,3,105,-1,-1
LOG3773759,0,1,1,1,0,1,0,1,0,8,0,6,0,5,0,3,110,-1,-1
LOG3773815,0,1,1,1,0,1,0,1,0,8,0,6,0,5,0,3,115,-1,-1
LOG3773871,0,1,1,1,0,1,0,1,0,8,0,6,0,5,0,3,119,-1,-1
LOG3773927,0,1,1,1,0,1,0,1,0,8,0,6,0,5,0,3,124,-1,-1
LOG3773983,0,1,1,1,0,1,0,1,0,8,0,6,0,5,0,3,129,-1,-1
LOG3774040,0,1,1,1,0,1,0,1,0,8,0,6,0,5,0,3,134,-1,-1
LOG3774096,0,1,1,1,0,1,0,1,0,8,0,6,0,5,0,3,138,-1,-1
LOG3774152,0,1,1,1,0,1,0,1,0,8,0,6,0,5,0,3,143,-1,-1
LOG3774208,0,1,1,1,0,1,0,1,0,8,0,6,0,5,0,3,147,-1,-1
LOG3774264,0,1,1,1,0,1,0,1,0,8,0,6,0,5,0,3,151,-1,-1
LOG3774320,0,1,1,1,0,1,0,1,0,8,0,6,0,5,0,3,156,-1,-1
LOG3774376,0,1,1,1,0,1,0,1,0,8,0,6,0,5,0,3,160,-1,-1
LOG3774433,0,1,1,1,0,1,0,1,0,8,0,6,0,5,0,3,164,-1,-1
LOG3774489,0,1,1,1,0,1,0,1,0,8,0,6,0,5,0,3,168,-1,-1
LOG3774544,0,1,1,1,0,1,0,1,0,8,0,6,0,5,0,3,172,-1,-1
LOG3774601,0,1,1,1,0,1,0,1,0,8,0,6,0,5,0,3,176,-1,-1
LOG3774657,0,1,1,1,0,1,0,1,0,8,0,6,0,5,0,3,180,-1,-1
LOG3774713,0,1,1,1,0,1,0,1,0,8,0,6,0,5,0,3,183,-1,-1
LOG3774770,0,1,1,1,0,1,0,1,0,8,0,6,0,5,0,3,187,-1,-1
LOG3774826,0,1,1,1,0,1,0,1,0,8,0,6,0,5,0,3,191,-1,-1
LOG3774882,0,1,1,1,0,1,0,1,0,8,0,6,0,5,0,3,194,-1,-1
LOG3774938,0,1,1,1,0,1,0,1,0,8,0,6,0,5,0,3,197,-1,-1
LOG3774994,0,1,1,1,0,1,0,1,0,8,0,6,0,5,0,3,201,-1,-1
LOG3775050,0,1,1,1,0,1,0,1,0,8,0,6,0,5,0,3,204,-1,-1
LOG3775107,0,1,1,1,0,1,0,1,0,8,0,6,0,5,0,3,207,-1,-1
LOG3775163,0,1,1,1,0,1,0,1,0,8,0,6,0,5,0,3,210,-1,-1
LOG3775219,0,1,1,1,0,1,0,1,0,8,0,6,0,5,0,3,212,-1,-1
LOG3775275,0,1,1,1,0,1,0,1,0,8,0,6,0,5,0,3,215,-1,-1
LOG3775331,0,1,1,1,0,1,0,1,0,8,0,6,0,5,0,3,218,-1,-1
LOG3775387,0,1,1,1,0,1,0,1,0,8,0,6,0,5,0,3,220,-1,-1
LOG3775443,0,1,1,1,0,1,0,1,0,8,0,6,0,5,0,3,223,-1,-1
LOG3775500,0,1,1,1,0,1,0,1,0,8,0,6,0,5,0,3,225,-1,-1
LOG3775556,0,1,1,1,0,1,0,1,0,8,0,6,0,5,0,3,228,-1,-1
LOG3775612,0,1,1,1,0,1,0,1,0,8,0,6,0,5,0,3,230,-1,-1
LOG3775668,0,1,1,1,0,1,0,1,0,8,0,6,0,5,0,3,232,-1,-1
LOG3775724,0,1,1,1,0,1,0,1,0,8,0,6,0,5,0,3,234,-1,-1
LOG3775780,0,1,1,1,0,1,0,1,0,8,0,6,0,5,0,3,236,-1,-1
LOG3775837,0,1,1,1,0,1,0,1,0,8,0,6,0,5,0,3,238,-1,-1
LOG3775893,0,1,1,1,0,1,0,1,0,8,0,6,0,5,0,3,239,-1,-1
LOG3775949,0,1,1,1,0,1,0,1,0,8,0,6,0,5,0,3,241,-1,-1
LOG3776005,0,1,1,1,0,1,0,1,0,8,0,6,0,5,0,3,242,-1,-1
LOG3776061,0,1,1,1,0,1,0,1,0,8,0,6,0,5,0,3,244,-1,-1
LOG3776117,0,1,1,1,0,1,0,1,0,8,0,6,0,5,0,3,245,-1,-1
LOG3776174,0,1,1,1,0,1,0,1,0,8,0,6,0,5,0,3,246,-1,-1
LOG3776230,0,1,1,1,0,1,0,1,0,8,0,6,0,5,0,3,248,-1,-1
LOG3776286,0,1,1,1,0,1,0,1,0,8,0,6,0,5,0,3,249,-1,-1
LOG3776342,0,1,1,1,0,1,0,1,0,8,0,6,0,5,0,3,250,-1,-1
LOG3776398,0,1,1,1,0,1,0,1,0,8,0,6,0,5,0,3,251,-1,-1
LOG3776454,0,1,1,1,0,1,0,1,0,8,0,6,0,5,0,3,252,-1,-1
LOG3776510,0,1,1,1,0,1,0,1,0,8,0,6,0,5,0,3,253,-1,-1
LOG3776567,0,1,1,1,0,1,0,1,0,8,0,6,0,5,0,3,254,-1,-1
LOG3776623,0,1,1,1,0,1,0,1,0,8,0,6,0,5,0,3,254,-1,-1
LOG3776679,0,1,1,1,0,1,0,1,0,8,0,6,0,5,0,3,255,-1,-1
LOG3776735,0,1,1,1,0,1,0,1,0,8,0,6,0,5,0,3,256,-1,-1
LOG3776791,0,1,1,1,0,1,0,1,0,8,0,6,0,5,0,3,257,-1,-1
LOG3776847,0,1,1,1,0,1,0,1,0,8,0,6,0,5,0,3,257,-1,-1
LOG3776904,0,1,1,1,0,1,0,1,0,8,0,6,0,5,0,3,258,-1,-1
LOG3776960,0,1,1,1,0,1,0,1,0,8,0,6,0,5,0,3,258,-1,-1
LOG3777016,0,1,1,1,0,1,0,1,0,8,0,6,0,5,0,3,259,-1,-1
LOG3777072,0,1,1,1,0,1,0,1,0,8,0,6,0,5,0,3,259,-1,-1
LOG3777128,0,1,1,1,0,1,0,1,0,8,0,6,0,5,0,3,260,-1,-1
LOG3777184,0,1,1,1,0,1,0,1,0,8,0,6,0,5,0,3,260,-1,-1
LOG3777241,0,1,1,1,0,1,0,1,0,8,0,6,0,5,0,3,261,-1,-1
LOG3777297,0,1,1,1,0,1,0,1,0,8,0,6,0,5,0,3,261,-1,-1
LOG3777353,0,1,1,1,0,1,0,1,0,8,0,6,0,5,0,3,261,-1,-1
LOG3777410,0,1,1,1,0,1,0,1,0,8,0,6,0,5,0,3,262,-1,-1
LOG3777465,0,1,1,1,0,1,0,1,0,8,0,6,0,5,0,3,262,-1,-1
LOG3777521,0,1,1,1,0,1,0,1,0,8,0,6,0,5,0,3,262,-1,-1
LOG3777577,0,1,1,1,0,1,0,1,0,8,0,6,0,5,0,3,263,-1,-1
LOG3777634,0,1,1,1,0,1,0,1,0,8,0,6,0,5,0,3,263,-1,-1
LOG3777690,0,1,1,1,0,1,0,1,0,8,0,6,0,5,0,3,263,-1,-1
LOG3777746,0,1,1,1,0,1,0,1,0,8,0,6,0,5,0,3,263,-1,-1
LOG3777802,0,1,1,1,0,1,0,1,0,8,0,6,0,5,0,3,264,-1,-1
LOG3777858,0,1,1,1,0,1,0,1,0,8,0,6,0,5,0,3,264,-1,-1
LOG3777914,0,1,1,1,0,1,0,1,0,8,0,6,0,5,0,3,264,-1,-1
LOG3777971,0,1,1,1,0,1,0,1,0,8,0,6,0,5,0,3,264,-1,-1
LOG3778027,0,1,1,1,0,1,0,1,0,8,0,6,0,5,0,3,264,-1,-1
LOG3778083,0,1,1,1,0,1,0,1,0,8,0,6,0,5,0,3,264,-1,-1
LOG3778139,0,1,1,1,0,1,0,1,0,8,0,6,0,5,0,3,264,-1,-1
LOG3778195,0,1,1,1,0,1,0,1,0,8,0,6,0,5,0,3,265,-1,-1
LOG3778251,0,1,1,1,0,1,0,1,0,8,0,6,0,5,0,3,265,-1,-1
LOG3778308,0,1,1,1,0,1,0,1,0,8,0,6,0,5,0,3,265,-1,-1
LOG3778364,0,1,1,1,0,1,0,1,0,8,0,6,0,5,0,3,265,-1,-1
LOG3778420,0,1,1,1,0,1,0,1,0,8,0,6,0,5,0,3,265,-1,-1
LOG3778477,0,1,1,1,0,1,0,1,0,8,0,6,0,5,0,3,265,-1,-1
LOG3778532,0,1,1,1,0,1,0,1,0,8,0,6,0,5,0,3,265,-1,-1
LOG3778588,0,1,1,1,0,1,0,1,0,8,0,6,0,5,0,3,265,-1,-1
LOG3778644,0,1,1,1,0,1,0,1,0,8,0,6,0,5,0,3,265,-1,-1
LOG3778701,0,1,1,1,0,1,0,1,0,8,0,6,0,5,0,3,265,-1,-1
LOG3778757,0,1,1,1,0,1,0,1,0,8,0,6,0,5,0,3,265,-1,-1
LOG3778813,0,1,1,1,0,1,0,1,0,8,0,6,0,5,0,3,265,-1,-1
LOG3778869,0,1,1,1,0,1,0,1,0,8,0,6,0,5,0,3,265,-1,-1
LOG3778925,0,1,1,1,0,1,0,1,0,8,0,6,0,5,0,3,265,-1,-1
LOG3778981,0,1,1,1,0,1,0,1,0,8,0,6,0,5,0,3,265,-1,-1
LOG3779038,0,1,1,1,0,1,0,1,0,8,0,6,0,5,0,3,265,-1,-1
LOG3779094,0,1,1,1,0,1,0,1,0,8,0,6,0,5,0,3,265,-1,-1
LOG3779150,0,1,1,1,0,1,0,1,0,8,0,6,0,5,0,3,265,-1,-1
LOG3779207,0,1,1,1,0,1,0,1,0,8,0,6,0,5,0,3,265,-1,-1
LOG3779262,0,1,1,1,0,1,0,1,0,8,0,6,0,5,0,3,265,-1,-1
LOG3779318,0,1,1,1,0,1,0,1,0,8,0,6,0,5,0,3,265,-1,-1
LOG3779375,0,1,1,1,0,1,0,1,0,8,0,6,0,5,0,3,265,-1,-1
LOG3779431,0,1,1,1,0,1,0,1,0,8,0,6,0,5,0,3,265,-1,-1
LOG3779487,0,1,1,1,0,1,0,1,0,8,0,6,0,5,0,3,265,-1,-1
LOG3779544,0,1,1,1,0,1,0,1,0,8,0,6,0,5,0,3,265,-1,-1
LOG3779599,0,1,1,1,0,1,0,1,0,8,0,6,0,5,0,3,265,-1,-1
LOG3779655,0,1,1,1,0,1,0,1,0,8,0,6,0,5,0,3,265,-1,-1
LOG3779712,0,1,1,1,0,1,0,1,0,8,0,6,1,5,0,3,265,-1,-1
LOG3779768,0,1,1,1,0,1,0,1,0,8,0,6,0,5,0,3,265,-1,-1
LOG3779824,0,1,1,1,0,1,0,1,0,8,0,6,0,5,0,3,265,-1,-1
LOG3779880,0,1,1,1,0,1,0,1,0,8,0,6,1,5,0,3,265,-1,-1
LOG3779936,0,1,1,1,0,1,0,1,0,8,0,6,1,5,0,3,265,-1,-1
LOG3779992,0,1,1,1,0,1,0,1,0,8,0,6,0,5,0,3,265,-1,-1
LOG3780048,0,1,1,1,0,1,0,1,0,8,0,6,0,5,0,3,265,-1,-1
LOG3780105,0,1,1,1,0,1,0,1,0,8,0,6,0,5,0,3,265,-1,-1
LOG3780161,0,1,1,1,0,1,0,1,0,8,0,6,0,5,0,3,265,-1,-1
LOG3780217,0,1,1,1,0,1,0,1,0,8,0,6,0,5,0,3,265,-1,-1
LOG3780274,0,1,1,1,0,1,0,1,0,8,0,6,0,5,0,3,265,-1,-1
LOG3780329,0,1,1,1,0,1,0,1,0,8,0,6,0,5,0,3,265,-1,-1
LOG3780385,0,1,1,1,0,1,0,1,0,8,0,6,0,5,0,3,265,-1,-1
LOG3780442,0,1,1,1,0,1,0,1,0,8,0,6,1,5,0,3,265,-1,-1
LOG3780498,0,1,1,1,0,1,0,1,0,8,0,6,0,5,0,3,265,-1,-1
LOG3780554,0,1,1,1,0,1,0,1,0,8,0,6,0,5,0,3,265,-1,-1
LOG3780611,0,1,1,1,0,1,0,1,0,8,0,6,0,5,0,3,264,-1,-1
LOG3780666,0,1,1,1,0,1,0,1,0,8,0,6,0,5,0,3,264,-1,-1
LOG3780722,0,1,1,1,0,1,0,1,0,8,0,6,0,5,0,3,265,-1,-1
LOG3780779,0,1,1,1,0,1,0,1,0,8,0,6,0,5,0,3,264,-1,-1
LOG3780835,0,1,1,1,0,1,0,1,0,8,0,6,0,5,0,3,265,-1,-1
LOG3780891,0,1,1,1,0,1,0,1,0,8,0,6,0,5,0,3,264,-1,-1
LOG3780947,0,1,1,1,0,1,0,1,0,8,0,6,0,5,0,3,265,-1,-1
LOG3781004,0,1,1,1,0,1,0,1,0,8,0,6,0,5,0,3,264,-1,-1
LOG3781059,0,1,1,1,0,1,0,1,0,8,0,6,0,5,0,3,265,-1,-1
LOG3781115,0,1,1,1,0,1,0,1,0,8,0,6,0,5,0,3,264,-1,-1
LOG3781172,0,1,1,1,0,1,0,1,0,8,0,6,0,5,0,3,264,-1,-1
LOG3781228,0,1,1,1,0,1,0,1,0,8,0,6,0,5,0,3,264,-1,-1
LOG3781284,0,1,1,1,0,1,0,1,0,8,0,6,0,5,0,3,264,-1,-1
LOG3781341,0,1,1,1,0,1,0,1,0,8,0,6,0,5,0,3,264,-1,-1
LOG3781396,0,1,1,1,0,1,0,1,0,8,0,6,0,5,0,3,264,-1,-1
LOG3781452,0,1,1,1,0,1,0,1,0,8,0,6,0,5,0,3,264,-1,-1
LOG3781509,0,1,1,1,0,1,0,1,0,8,0,6,0,5,0,3,264,-1,-1
LOG3781565,0,1,1,1,0,1,0,1,0,8,0,6,0,5,0,3,264,-1,-1
LOG3781621,0,1,1,1,0,1,0,1,0,8,0,6,0,5,0,3,264,-1,-1
LOG3781678,0,1,1,1,0,1,0,1,0,8,0,6,0,5,0,3,264,-1,-1
LOG3781733,0,1,1,1,0,1,0,1,0,8,0,6,0,5,0,3,264,-1,-1
LOG3781789,0,1,1,1,0,1,0,1,0,8,0,6,0,5,0,3,264,-1,-1
LOG3781846,0,1,1,1,0,1,0,1,0,8,0,6,0,5,0,3,264,-1,-1
LOG3781902,0,1,1,1,0,1,0,1,0,8,0,6,0,5,0,3,264,-1,-1
LOG3781958,0,1,1,1,0,1,0,1,0,8,0,6,0,5,0,3,264,-1,-1
LOG3782014,0,1,1,1,0,1,0,1,0,8,0,6,0,5,0,3,264,-1,-1
LOG3782071,0,1,1,1,0,1,0,1,0,8,0,6,0,5,0,3,264,-1,-1
LOG3782126,0,1,1,1,0,1,0,1,0,8,0,6,0,5,0,3,264,-1,-1
LOG3782182,0,1,1,1,0,1,0,1,0,8,0,6,0,5,0,3,264,-1,-1
LOG3782239,0,1,1,1,0,1,0,1,0,8,0,6,0,5,0,3,264,-1,-1
LOG3782295,0,1,1,1,0,1,0,1,0,8,0,6,0,5,0,3,264,-1,-1
LOG3782351,0,1,1,1,0,1,0,1,0,8,0,6,0,5,0,3,264,-1,-1
LOG3782408,0,1,1,1,0,1,0,1,0,8,0,6,0,5,0,3,264,-1,-1
LOG3782463,0,1,1,1,0,1,0,1,0,8,0,6,0,5,0,3,264,-1,-1
LOG3782519,0,1,1,1,0,1,0,1,0,8,0,6,0,5,0,3,264,-1,-1
LOG3782576,0,1,1,1,0,1,0,1,0,8,0,6,0,5,0,3,264,-1,-1
LOG3782632,0,1,1,1,0,1,0,1,0,8,0,6,1,5,0,3,264,-1,-1
LOG3782688,0,1,1,1,0,1,0,1,0,8,0,6,0,5,0,3,264,-1,-1
LOG3782745,0,1,1,1,0,1,0,1,0,8,0,6,0,5,0,3,264,-1,-1
LOG3782801,0,1,1,1,0,1,0,1,0,8,0,6,0,5,0,3,264,-1,-1
LOG3782856,0,1,1,1,0,1,0,1,0,8,0,6,0,5,0,3,264,-1,-1
LOG3782913,0,1,1,1,0,1,0,1,0,8,0,6,0,5,0,3,264,-1,-1
LOG3782969,0,1,1,1,0,1,0,1,0,8,0,6,0,5,0,3,264,-1,-1
LOG3783025,0,1,1,1,0,1,0,1,0,8,0,6,0,5,0,3,264,-1,-1
LOG3783081,0,1,1,1,0,1,0,1,0,8,0,6,0,5,0,3,264,-1,-1
LOG3783138,0,1,1,1,0,1,0,1,0,8,0,6,0,5,0,3,264,-1,-1
LOG3783193,0,1,1,1,0,1,0,1,0,8,0,6,0,5,0,3,264,-1,-1
LOG3783249,0,1,1,1,0,1,0,1,0,8,0,6,0,5,0,3,264,-1,-1
LOG3783306,0,1,1,1,0,1,0,1,0,8,0,6,0,5,0,3,264,-1,-1
LOG3783362,0,1,1,1,0,1,0,1,0,8,0,6,1,5,0,3,264,-1,-1
LOG3783418,0,1,1,1,0,1,0,1,0,8,0,6,0,5,0,3,264,-1,-1
LOG3783475,0,1,1,1,0,1,0,1,0,8,0,6,0,5,0,3,264,-1,-1
LOG3783530,0,1,1,1,0,1,0,1,0,8,0,6,0,5,0,3,264,-1,-1
LOG3783586,0,1,1,1,0,1,0,1,0,8,0,6,0,5,0,3,264,-1,-1
LOG3783643,0,1,1,1,0,1,0,1,0,8,0,6,0,5,0,3,264,-1,-1
LOG3783699,0,1,1,1,0,1,0,1,0,8,0,6,0,5,0,3,264,-1,-1
LOG3783755,0,1,1,1,0,1,0,1,0,8,0,6,0,5,0,3,264,-1,-1
LOG3783812,0,1,1,1,0,1,0,1,0,8,0,6,0,5,0,3,264,-1,-1
LOG3783868,0,1,1,1,0,1,0,1,0,8,0,6,0,5,0,3,264,-1,-1
LOG3783923,0,1,1,1,0,1,0,1,0,8,0,6,0,5,0,3,264,-1,-1
LOG3783980,0,1,1,1,0,1,0,1,0,8,0,6,0,5,0,3,264,-1,-1
LOG3784036,0,1,1,1,0,1,0,1,0,8,0,6,0,5,0,3,264,-1,-1
LOG3784092,0,1,1,1,0,1,0,1,0,8,0,6,0,5,0,3,264,-1,-1
LOG3784148,0,1,1,1,0,1,0,1,0,8,0,6,0,5,0,3,264,-1,-1
LOG3784205,0,1,1,1,0,1,0,1,0,8,0,6,0,5,0,3,264,-1,-1
LOG3784260,0,1,1,1,0,1,0,1,0,8,0,6,0,5,0,3,264,-1,-1
LOG3784316,0,1,1,1,0,1,0,1,0,8,0,6,0,5,0,3,264,-1,-1
LOG3784373,0,1,1,1,0,1,0,1,0,8,0,6,0,5,0,3,264,-1,-1
LOG3784429,0,1,1,1,0,1,0,1,0,8,0,6,0,5,0,3,264,-1,-1
LOG3784485,0,1,1,1,0,1,0,1,0,8,0,6,0,5,0,3,264,-1,-1
LOG3784542,0,1,1,1,0,1,0,1,0,8,0,6,0,5,0,3,264,-1,-1
LOG3784598,0,1,1,1,0,1,0,1,0,8,0,6,0,5,0,3,264,-1,-1
LOG3784653,0,1,1,1,0,1,0,1,0,8,0,6,0,5,0,3,264,-1,-1
LOG3784710,0,1,1,1,0,1,0,1,0,8,0,6,0,5,0,3,264,-1,-1
LOG3784766,0,1,1,1,0,1,0,1,0,8,0,6,0,5,0,3,264,-1,-1
LOG3784822,0,1,1,1,0,1,0,1,0,8,0,6,0,5,0,3,264,-1,-1
LOG3784879,0,1,1,1,0,1,0,1,0,8,0,6,0,5,0,3,264,-1,-1
LOG3784935,0,1,1,1,0,1,0,1,0,8,0,6,0,5,0,3,264,-1,-1
LOG3784990,0,1,1,1,0,1,0,1,0,8,0,6,0,5,0,3,264,-1,-1
LOG3785047,0,1,1,1,0,1,0,1,0,8,0,6,0,5,0,3,264,-1,-1
LOG3785103,0,1,1,1,0,1,0,1,0,8,0,6,0,5,0,3,264,-1,-1
LOG3785159,0,1,1,1,0,1,0,1,0,8,0,6,0,5,0,3,264,-1,-1
LOG3785216,0,1,1,1,0,1,0,1,0,8,0,6,0,5,0,3,264,-1,-1
LOG3785272,0,1,1,1,0,1,0,1,0,8,0,6,0,5,0,3,264,-1,-1
LOG3785327,0,1,1,1,0,1,0,1,0,8,0,6,0,5,0,3,264,-1,-1
LOG3785383,0,1,1,1,0,1,0,1,0,8,0,6,0,5,0,3,264,-1,-1
LOG3785440,0,1,1,1,0,1,0,1,0,8,0,6,0,5,0,3,264,-1,-1
LOG3785496,0,1,1,1,0,1,0,1,0,8,0,6,0,5,0,3,264,-1,-1
LOG3785552,0,1,1,1,0,1,0,1,0,8,0,6,0,5,0,3,264,-1,-1
LOG3785609,0,1,1,1,0,1,0,1,0,8,0,6,0,5,0,3,264,-1,-1
LOG3785665,0,1,1,1,0,1,0,1,0,8,0,6,0,5,0,3,264,-1,-1
LOG3785720,0,1,1,1,0,1,0,1,0,8,0,6,0,5,0,3,264,-1,-1
LOG3785777,0,1,1,1,0,1,0,1,0,8,0,6,0,5,0,3,264,-1,-1
LOG3785833,0,1,1,1,0,1,0,1,0,8,0,6,0,5,0,3,264,-1,-1
LOG3785889,0,1,1,1,0,1,0,1,0,8,0,6,0,5,0,3,264,-1,-1
LOG3785946,0,1,1,1,0,1,0,1,0,8,0,6,0,5,0,3,264,-1,-1
LOG3786002,0,1,1,1,0,1,0,1,0,8,0,6,0,5,0,3,264,-1,-1
LOG3786057,0,1,1,1,0,1,0,1,0,8,0,6,0,5,0,3,264,-1,-1
LOG3786114,0,1,1,1,0,1,0,1,0,8,0,6,0,5,0,3,264,-1,-1
LOG3786170,0,1,1,1,0,1,0,1,0,8,0,6,0,5,0,3,264,-1,-1
LOG3786226,0,1,1,1,0,1,0,1,0,8,0,6,0,5,0,3,264,-1,-1
LOG3786283,0,1,1,1,0,1,0,1,0,8,0,6,0,5,0,3,264,-1,-1
LOG3786339,0,1,1,1,0,1,0,1,0,8,0,6,0,5,0,3,264,-1,-1
LOG3786395,0,1,1,1,0,1,0,1,0,8,0,6,0,5,0,3,264,-1,-1
LOG3786450,0,1,1,1,0,1,0,1,0,8,0,6,0,5,0,3,264,-1,-1
LOG3786507,0,1,1,1,0,1,0,1,0,8,0,6,0,5,0,3,264,-1,-1
LOG3786563,0,1,1,1,0,1,0,1,0,8,0,6,0,5,0,3,264,-1,-1
LOG3786619,0,1,1,1,0,1,0,1,0,8,0,6,0,5,0,3,264,-1,-1
LOG3786676,0,1,1,1,0,1,0,1,0,8,0,6,0,5,0,3,264,-1,-1
LOG3786732,0,1,1,1,0,1,0,1,0,8,0,6,0,5,0,3,264,-1,-1
LOG3786787,0,1,1,1,0,1,0,1,0,8,0,6,0,5,0,3,264,-1,-1
LOG3786844,0,1,1,1,0,1,0,1,0,8,0,6,0,5,0,3,264,-1,-1
LOG3786900,0,1,1,1,0,1,0,1,0,8,0,6,0,5,0,3,264,-1,-1
LOG3786956,0,1,1,1,0,1,0,1,0,8,0,6,0,5,0,3,264,-1,-1
LOG3787013,0,1,1,1,0,1,0,1,0,8,0,6,0,5,0,3,264,-1,-1
LOG3787069,0,1,1,1,0,1,0,1,0,8,0,6,0,5,0,3,264,-1,-1
LOG3787124,0,1,1,1,0,1,0,1,0,8,0,6,0,5,0,3,264,-1,-1
LOG3787181,0,1,1,1,0,1,0,1,0,8,0,6,0,5,0,3,264,-1,-1
LOG3787237,0,1,1,1,0,1,0,1,0,8,0,6,0,5,0,3,264,-1,-1
LOG3787293,0,1,1,1,0,1,0,1,0,8,0,6,0,5,0,3,264,-1,-1
LOG3787350,0,1,1,1,0,1,0,1,0,8,0,6,0,5,0,3,264,-1,-1
LOG3787406,0,1,1,1,0,1,0,1,0,8,0,6,0,5,0,3,264,-1,-1
LOG3787462,0,1,1,1,0,1,0,1,0,8,0,6,0,5,0,3,264,-1,-1
LOG3787517,0,1,1,1,0,1,0,1,0,8,0,6,0,5,0,3,264,-1,-1
LOG3787574,0,1,1,1,0,1,0,1,0,8,0,6,0,5,0,3,264,-1,-1
LOG3787630,0,1,1,1,0,1,0,1,0,8,0,6,0,5,0,3,264,-1,-1
LOG3787686,0,1,1,1,0,1,0,1,0,8,0,6,0,5,0,3,264,-1,-1
LOG3787743,0,1,1,1,0,1,0,1,0,8,0,6,0,5,0,3,264,-1,-1
LOG3787799,0,1,1,1,0,1,0,1,0,8,0,6,0,5,0,3,264,-1,-1
LOG3787854,0,1,1,1,0,1,0,1,0,8,0,6,0,5,0,3,264,-1,-1
LOG3787911,0,1,1,1,0,1,0,1,0,8,0,6,0,5,0,3,264,-1,-1
LOG3787967,0,1,1,1,0,1,0,1,0,8,0,6,0,5,0,3,264,-1,-1
LOG3788023,0,1,1,1,0,1,0,1,0,8,0,6,0,5,0,3,264,-1,-1
LOG3788080,0,1,1,1,0,1,0,1,0,8,0,6,0,5,0,3,264,-1,-1
LOG3788136,0,1,1,1,0,1,0,1,0,8,0,6,0,5,0,3,264,-1,-1
LOG3788192,0,1,1,1,0,1,0,1,0,8,0,6,0,5,0,3,264,-1,-1
LOG3788248,0,1,1,1,0,1,0,1,0,8,0,6,0,5,0,3,264,-1,-1
LOG3788304,0,1,1,1,0,1,0,1,0,8,0,6,0,5,0,3,264,-1,-1
LOG3788360,0,1,1,1,0,1,0,1,0,8,0,6,0,5,0,3,264,-1,-1
LOG3788417,0,1,1,1,0,1,0,1,0,8,0,6,0,5,0,3,264,-1,-1
LOG3788473,0,1,1,1,0,1,0,1,0,8,0,6,0,5,0,3,264,-1,-1
LOG3788529,0,1,1,1,0,1,0,1,0,8,0,6,0,5,0,3,264,-1,-1
LOG3788584,0,1,1,1,0,1,0,1,0,8,0,6,0,5,0,3,264,-1,-1
LOG3788641,0,1,1,1,0,1,0,1,0,8,0,6,0,5,0,3,264,-1,-1
LOG3788697,0,1,1,1,0,1,0,1,0,8,0,6,0,5,0,3,264,-1,-1
LOG3788753,0,1,1,1,0,1,0,1,0,8,0,6,0,5,0,3,264,-1,-1
LOG3788810,0,1,1,1,0,1,0,1,0,8,0,6,0,5,0,3,264,-1,-1
LOG3788866,0,1,1,1,0,1,0,1,0,8,0,6,0,5,0,3,264,-1,-1
LOG3788921,0,1,1,1,0,1,0,1,0,8,0,6,0,5,0,3,264,-1,-1
LOG3788978,0,1,1,1,0,1,0,1,0,8,0,6,0,5,0,3,264,-1,-1
LOG3789034,0,1,1,1,0,1,0,1,0,8,0,6,0,5,0,3,264,-1,-1
LOG3789090,0,1,1,1,0,1,0,1,0,8,0,6,0,5,0,3,264,-1,-1
LOG3789147,0,1,1,1,0,1,0,1,0,8,0,6,0,5,0,3,264,-1,-1
LOG3789203,0,1,1,1,0,1,0,1,0,8,0,6,0,5,0,3,264,-1,-1
LOG3789259,0,1,1,1,0,1,0,1,0,8,0,6,0,5,0,3,264,-1,-1
LOG3789315,0,1,1,1,0,1,0,1,0,8,0,6,0,5,0,3,264,-1,-1
LOG3789371,0,1,1,1,0,1,0,1,0,8,0,6,0,5,0,3,264,-1,-1
LOG3789427,0,1,1,1,0,1,0,1,0,8,0,6,0,5,0,3,264,-1,-1
LOG3789484,0,1,1,1,0,1,0,1,0,8,0,6,0,5,0,3,264,-1,-1
LOG3789540,0,1,1,1,0,1,0,1,0,8,0,6,0,5,0,3,264,-1,-1
LOG3789596,0,1,1,1,0,1,0,1,0,8,0,6,0,5,0,3,264,-1,-1
LOG3789651,0,1,1,1,0,1,0,1,0,8,0,6,0,5,0,3,264,-1,-1
LOG3789708,0,1,1,1,0,1,0,1,0,8,0,6,0,5,0,3,264,-1,-1
LOG3789764,0,1,1,1,0,1,0,1,0,8,0,6,0,5,0,3,264,-1,-1
LOG3789820,0,1,1,1,0,1,0,1,0,8,0,6,0,5,0,3,264,-1,-1
LOG3789877,0,1,1,1,0,1,0,1,0,8,0,6,0,5,0,3,264,-1,-1
LOG3789933,0,1,1,1,0,1,0,1,0,8,0,6,0,5,0,3,264,-1,-1
LOG3789989,0,1,1,1,0,1,0,1,0,8,0,6,0,5,0,3,264,-1,-1
LOG3790045,0,1,1,1,0,1,0,1,0,8,0,6,0,5,0,3,264,-1,-1
LOG3790101,0,1,1,1,0,1,0,1,0,8,0,6,0,5,0,3,264,-1,-1
LOG3790157,0,1,1,1,0,1,0,1,0,8,0,6,0,5,0,3,264,-1,-1
LOG3790214,0,1,1,1,0,1,0,1,0,8,0,6,0,5,0,3,264,-1,-1
LOG3790270,0,1,1,1,0,1,0,1,0,8,0,6,0,5,0,3,264,-1,-1
LOG3790326,0,1,1,1,0,1,0,1,0,8,0,6,0,5,0,3,264,-1,-1
LOG3790382,0,1,1,1,0,1,0,1,0,8,0,6,0,5,0,3,264,-1,-1
LOG3790438,0,1,1,1,0,1,0,1,0,8,0,6,0,5,0,3,264,-1,-1
LOG3790494,0,1,1,1,0,1,0,1,0,8,0,6,0,5,0,3,264,-1,-1
LOG3790551,0,1,1,1,0,1,0,1,0,8,0,6,0,5,0,3,264,-1,-1
LOG3790607,0,1,1,1,0,1,0,1,0,8,0,6,0,5,0,3,264,-1,-1
LOG3790663,0,1,1,1,0,1,0,1,0,8,0,6,0,5,0,3,264,-1,-1
LOG3790718,0,1,1,1,0,1,0,1,0,8,0,6,0,5,0,3,264,-1,-1
LOG3790775,0,1,1,1,0,1,0,1,0,8,0,6,0,5,0,3,264,-1,-1
LOG3790831,0,1,1,1,0,1,0,1,0,8,0,6,0,5,0,3,264,-1,-1
LOG3790887,0,1,1,1,0,1,0,1,0,8,0,6,0,5,0,3,264,-1,-1
LOG3790944,0,1,1,1,0,1,0,1,0,8,0,6,0,5,0,3,264,-1,-1
LOG3791000,0,1,1,1,0,1,0,1,0,8,0,6,0,5,0,3,264,-1,-1
LOG3791056,0,1,1,1,0,1,0,1,0,8,0,6,0,5,0,3,264,-1,-1
LOG3791112,0,1,1,1,0,1,0,1,0,8,0,6,0,5,0,3,264,-1,-1
LOG3791168,0,1,1,1,0,1,0,1,0,8,0,6,0,5,0,3,264,-1,-1
LOG3791224,0,1,1,1,0,1,0,1,0,8,0,6,0,5,0,3,264,-1,-1
LOG3791281,0,1,1,1,0,1,0,1,0,8,0,6,0,5,0,3,264,-1,-1
LOG3791337,0,1,1,1,0,1,0,1,0,8,0,6,0,5,0,3,264,-1,-1
LOG3791393,0,1,1,1,0,1,0,1,0,8,0,6,0,5,0,3,264,-1,-1
LOG3791449,0,1,1,1,0,1,0,1,0,8,0,6,0,5,0,3,264,-1,-1
LOG3791505,0,1,1,1,0,1,0,1,0,8,0,6,0,5,0,3,264,-1,-1
LOG3791561,0,1,1,1,0,1,0,1,0,8,0,6,0,5,0,3,264,-1,-1
LOG3791618,0,1,1,1,0,1,0,1,0,8,0,6,0,5,0,3,264,-1,-1
LOG3791674,0,1,1,1,0,1,0,1,0,8,0,6,0,5,0,3,264,-1,-1
LOG3791730,0,1,1,1,0,1,0,1,0,8,0,6,0,5,0,3,264,-1,-1
LOG3791787,0,1,1,1,0,1,0,1,0,8,0,6,0,5,0,3,264,-1,-1
LOG3791842,0,1,1,1,0,1,0,1,0,8,0,6,0,5,0,3,264,-1,-1
LOG3791898,0,1,1,1,0,1,0,1,0,8,0,6,0,5,0,3,264,-1,-1
LOG3791954,0,1,1,1,0,1,0,1,0,8,0,6,0,5,0,3,264,-1,-1
LOG3792011,0,1,1,1,0,1,0,1,0,8,0,6,0,5,0,3,264,-1,-1
LOG3792067,0,1,1,1,0,1,0,1,0,8,0,6,0,5,0,3,264,-1,-1
LOG3792123,0,1,1,1,0,1,0,1,0,8,0,6,0,5,0,3,264,-1,-1
LOG3792179,0,1,1,1,0,1,0,1,0,8,0,6,0,5,0,3,264,-1,-1
LOG3792235,0,1,1,1,0,1,0,1,0,8,0,6,0,5,0,3,264,-1,-1
LOG3792291,0,1,1,1,0,1,0,1,0,8,0,6,0,5,0,3,264,-1,-1
LOG3792348,0,1,1,1,0,1,0,1,0,8,0,6,0,5,0,3,264,-1,-1
LOG3792404,0,1,1,1,0,1,0,1,0,8,0,6,0,5,0,3,264,-1,-1
LOG3792460,0,1,1,1,0,1,0,1,0,8,0,6,0,5,0,3,264,-1,-1
LOG3792516,0,1,1,1,0,1,0,1,0,8,0,6,0,5,0,3,264,-1,-1
LOG3792572,0,1,1,1,0,1,0,1,0,8,0,6,0,5,0,3,264,-1,-1
LOG3792628,0,1,1,1,0,1,0,1,0,8,0,6,0,5,0,3,264,-1,-1
LOG3792685,0,1,1,1,0,1,0,1,0,8,0,6,0,5,0,3,264,-1,-1
LOG3792741,0,1,1,1,0,1,0,1,0,8,0,6,0,5,0,3,264,-1,-1
LOG3792797,0,1,1,1,0,1,0,1,0,8,0,6,0,5,0,3,264,-1,-1
LOG3792854,0,1,1,1,0,1,0,1,0,8,0,6,0,5,0,3,264,-1,-1
LOG3792909,0,1,1,1,0,1,0,1,0,8,0,6,0,5,0,3,264,-1,-1
LOG3792965,0,1,1,1,0,1,0,1,0,8,0,6,0,5,0,3,264,-1,-1
LOG3793021,0,1,1,1,0,1,0,1,0,8,0,6,0,5,0,3,264,-1,-1
LOG3793078,0,1,1,1,0,1,0,1,0,8,0,6,0,5,0,3,264,-1,-1
LOG3793134,0,1,1,1,0,1,0,1,0,8,0,6,0,5,0,3,264,-1,-1
LOG3793190,0,1,1,1,0,1,0,1,0,8,0,6,0,5,0,3,264,-1,-1
LOG3793246,0,1,1,1,0,1,0,1,0,8,0,6,0,5,0,3,264,-1,-1
LOG3793302,0,1,1,1,0,1,0,1,0,8,0,6,0,5,0,3,264,-1,-1
LOG3793358,0,1,1,1,0,1,0,1,0,8,0,6,0,5,0,3,264,-1,-1
LOG3793415,0,1,1,1,0,1,0,1,0,8,0,6,0,5,0,3,264,-1,-1
LOG3793471,0,1,1,1,0,1,0,1,0,8,0,6,0,5,0,3,264,-1,-1
LOG3793527,0,1,1,1,0,1,0,1,0,8,0,6,0,5,0,3,264,-1,-1
LOG3793584,0,1,1,1,0,1,0,1,0,8,0,6,0,5,0,3,264,-1,-1
LOG3793639,0,1,1,1,0,1,0,1,0,8,0,6,0,5,0,3,264,-1,-1
LOG3793695,0,1,1,1,0,1,0,1,0,8,0,6,0,5,0,3,264,-1,-1
LOG3793752,0,1,1,1,0,1,0,1,0,8,0,6,0,5,0,3,264,-1,-1
LOG3793808,0,1,1,1,0,1,0,1,0,8,0,6,0,5,0,3,264,-1,-1
LOG3793864,0,1,1,1,0,1,0,1,0,8,0,6,0,5,0,3,264,-1,-1
LOG3793921,0,1,1,1,0,1,0,1,0,8,0,6,0,5,0,3,264,-1,-1
LOG3793976,0,1,1,1,0,1,0,1,0,8,0,6,0,5,0,3,264,-1,-1
LOG3794032,0,1,1,1,0,1,0,1,0,8,0,6,0,5,0,3,264,-1,-1
LOG3794088,0,1,1,1,0,1,0,1,0,8,0,6,0,5,0,3,264,-1,-1
LOG3794145,0,1,1,1,0,1,0,1,0,8,0,6,0,5,0,3,264,-1,-1
LOG3794201,0,1,1,1,0,1,0,1,0,8,0,6,0,5,0,3,264,-1,-1
LOG3794257,0,1,1,0,0,1,0,1,0,8,0,6,0,5,0,3,264,-1,-1
LOG3794313,0,1,1,0,0,1,0,1,0,8,0,6,0,5,0,3,264,-1,-1
LOG3794369,0,1,1,0,0,1,0,1,0,8,0,6,3,5,0,3,246,-1,-1
LOG3794425,0,1,1,0,0,1,0,1,0,8,0,6,4,5,0,3,219,-1,-1
LOG3794482,0,1,1,0,0,1,0,1,0,8,0,6,36,5,0,3,203,-1,-1
LOG3794539,0,1,1,0,0,1,0,1,0,8,0,6,165,5,0,3,195,-1,-1
LOG3794597,0,1,1,0,0,1,0,1,0,8,0,6,142,5,0,3,192,-1,-1
LOG3794656,0,1,1,0,0,1,0,1,0,8,0,6,137,5,0,3,190,-1,-1
LOG3794713,0,1,1,0,0,1,0,1,0,8,0,6,136,5,0,3,187,-1,-1
LOG3794771,0,1,1,0,0,1,0,1,0,8,0,6,135,5,0,3,185,-1,-1
LOG3794830,0,1,1,0,0,1,0,1,0,8,0,5,133,5,0,3,183,-1,-1
LOG3794888,0,1,1,0,0,1,0,1,0,8,0,5,135,5,0,3,182,-1,-1
LOG3794947,0,1,1,0,0,1,0,1,0,8,0,5,136,5,0,3,180,-1,-1
LOG3795005,0,1,1,0,0,1,0,1,0,8,0,5,135,5,0,3,179,-1,-1
LOG3795063,0,1,1,0,0,1,0,1,0,8,0,5,134,5,0,3,177,-1,-1
LOG3795122,0,1,1,0,0,1,0,1,0,8,0,5,135,5,0,3,176,-1,-1
LOG3795179,0,1,1,0,0,1,0,1,0,8,0,5,135,5,0,3,175,-1,-1
LOG3795237,0,1,1,0,0,1,0,1,0,8,0,5,135,5,0,3,174,-1,-1
LOG3795296,0,1,1,0,0,1,0,1,0,8,0,5,135,5,0,3,173,-1,-1
LOG3795354,0,1,1,0,0,1,0,1,0,8,0,5,135,5,0,3,172,-1,-1
LOG3795412,0,1,1,0,0,1,0,1,0,8,1,5,134,5,0,3,171,-1,-1
LOG3795471,0,1,1,0,0,1,0,1,0,8,0,5,134,5,0,3,170,-1,-1
LOG3795529,0,1,1,0,0,1,0,1,0,8,0,5,133,5,0,3,169,-1,-1
LOG3795588,0,1,1,0,0,1,0,1,0,8,1,5,133,5,0,3,169,-1,-1
LOG3795645,0,1,1,0,0,1,0,1,0,8,1,5,132,5,0,3,168,-1,-1
LOG3795703,0,1,1,0,0,1,0,1,0,8,0,5,132,5,0,3,167,-1,-1
LOG3795762,0,1,1,0,0,1,0,1,0,8,1,5,132,5,0,3,167,-1,-1
LOG3795820,0,1,1,0,0,1,0,1,0,8,1,5,133,5,0,3,166,-1,-1
LOG3795878,0,1,1,0,0,1,0,1,0,8,1,5,132,5,0,3,166,-1,-1
LOG3795937,0,1,1,0,0,1,0,1,0,8,1,5,131,5,0,3,165,-1,-1
LOG3795995,0,1,1,0,0,1,0,1,0,8,1,5,132,5,0,3,164,-1,-1
LOG3796054,0,1,1,0,0,1,0,1,0,8,1,5,132,5,0,3,164,-1,-1
LOG3796111,0,1,1,0,0,1,0,1,0,8,1,5,132,5,0,3,164,-1,-1
LOG3796169,0,1,1,0,0,1,0,1,0,8,1,6,131,5,0,3,163,-1,-1
LOG3796228,0,1,1,0,0,1,0,1,0,8,1,6,131,5,0,3,163,-1,-1
LOG3796286,0,1,1,0,0,1,0,1,0,8,1,6,130,5,0,3,162,-1,-1
LOG3796344,0,1,1,0,0,1,0,1,0,8,1,6,130,5,0,3,162,-1,-1
LOG3796403,0,1,1,0,0,1,0,1,0,8,1,6,130,5,0,3,161,-1,-1
LOG3796461,0,1,1,0,0,1,0,1,0,8,1,6,130,5,0,3,161,-1,-1
LOG3796519,0,1,1,0,0,1,0,1,0,8,1,6,130,5,0,3,161,-1,-1
LOG3796577,0,1,1,0,0,1,0,1,0,8,1,6,129,5,0,3,160,-1,-1
LOG3796635,0,1,1,0,0,1,0,1,0,8,1,6,129,5,0,3,160,-1,-1
LOG3796694,0,1,1,0,0,1,0,1,0,8,1,6,130,5,0,3,160,-1,-1
LOG3796752,0,1,1,0,0,1,0,1,0,8,1,6,130,5,0,3,159,-1,-1
LOG3796810,0,1,1,0,0,1,0,1,0,8,1,6,129,5,0,3,159,-1,-1
LOG3796869,0,1,1,0,0,1,0,1,0,8,1,6,129,5,0,3,159,-1,-1
LOG3796927,0,1,1,0,0,1,0,1,0,8,1,5,129,5,0,3,158,-1,-1
LOG3796985,0,1,1,0,0,1,0,1,0,8,1,5,129,5,0,3,158,-1,-1
LOG3797043,0,1,1,0,0,1,0,1,0,8,1,5,128,5,0,3,158,-1,-1
LOG3797101,0,1,1,0,0,1,0,1,0,8,1,5,128,5,0,3,158,-1,-1
LOG3797159,0,1,1,0,0,1,0,1,0,8,1,5,128,5,0,3,157,-1,-1
LOG3797218,0,1,1,0,0,1,0,1,0,8,1,5,128,5,0,3,157,-1,-1
LOG3797276,0,1,1,0,0,1,0,1,0,8,1,5,127,5,0,3,157,-1,-1
LOG3797335,0,1,1,0,0,1,0,1,0,8,1,5,127,5,0,3,157,-1,-1
LOG3797393,0,1,1,0,0,1,0,1,0,8,1,5,128,5,0,3,157,-1,-1
LOG3797451,0,1,1,0,0,1,0,1,0,8,1,5,127,5,0,3,156,-1,-1
LOG3797509,0,1,1,0,0,1,0,1,0,8,1,5,127,5,0,3,156,-1,-1
LOG3797567,0,1,1,0,0,1,0,1,0,8,1,5,127,5,0,3,156,-1,-1
LOG3797625,0,1,1,0,0,1,0,1,0,8,1,5,127,5,0,3,156,-1,-1
LOG3797684,0,1,1,0,0,1,0,1,0,8,1,5,127,5,0,3,156,-1,-1
LOG3797742,0,1,1,0,0,1,0,1,0,8,1,5,128,5,0,3,155,-1,-1
LOG3797800,0,1,1,0,0,1,0,1,0,8,1,5,126,5,0,3,155,-1,-1
LOG3797859,0,1,1,0,0,1,0,1,0,8,1,5,126,5,0,3,155,-1,-1
LOG3797917,0,1,1,0,0,1,0,1,0,8,1,5,126,5,0,3,155,-1,-1
LOG3797975,0,1,1,0,0,1,0,1,0,8,1,5,125,5,0,3,155,-1,-1
LOG3798033,0,1,1,0,0,1,0,1,0,8,1,5,126,5,0,3,155,-1,-1
LOG3798091,0,1,1,0,0,1,0,1,0,8,1,5,126,5,0,3,155,-1,-1
LOG3798150,0,1,1,0,0,1,0,1,0,8,1,5,126,5,0,3,154,-1,-1
LOG3798208,0,1,1,0,0,1,0,1,0,8,2,5,126,5,0,3,154,-1,-1
LOG3798266,0,1,1,0,0,1,0,1,0,8,3,5,126,5,0,3,154,-1,-1
LOG3798325,0,1,1,0,0,1,0,1,0,8,3,5,126,5,0,3,154,-1,-1
LOG3798383,0,1,1,0,0,1,0,1,0,8,3,5,126,5,0,3,154,-1,-1
LOG3798440,0,1,1,0,0,1,0,1,0,8,3,5,126,5,0,3,154,-1,-1
LOG3798499,0,1,1,0,0,1,0,1,0,8,3,5,126,5,0,3,154,-1,-1
LOG3798557,0,1,1,0,0,1,0,1,0,8,3,5,125,5,0,3,154,-1,-1
LOG3798616,0,1,1,0,0,1,0,1,0,8,3,5,125,5,0,3,153,-1,-1
LOG3798674,0,1,1,0,0,1,0,1,0,8,3,5,126,5,0,3,153,-1,-1
LOG3798732,0,1,1,0,0,1,0,1,0,8,3,5,126,5,0,3,153,-1,-1
LOG3798791,0,1,1,0,0,1,0,1,0,8,3,5,125,5,0,3,153,-1,-1
LOG3798849,0,1,1,0,0,1,0,1,0,8,3,5,126,5,0,3,153,-1,-1
LOG3798906,0,1,1,0,0,1,0,1,0,8,3,5,125,5,0,3,153,-1,-1
LOG3798965,0,1,1,0,0,1,0,1,0,8,3,5,126,5,0,3,153,-1,-1
LOG3799023,0,1,1,0,0,1,0,1,0,8,3,5,125,5,0,3,153,-1,-1
LOG3799081,0,1,1,0,0,1,0,1,0,8,3,5,124,5,0,3,153,-1,-1
LOG3799140,0,1,1,0,0,1,0,1,0,8,3,5,125,5,0,3,152,-1,-1
LOG3799198,0,1,1,0,0,1,0,1,0,8,3,5,125,5,0,3,152,-1,-1
LOG3799257,0,1,1,0,0,1,0,1,0,8,3,5,125,5,0,3,152,-1,-1
LOG3799315,0,1,1,0,0,1,0,1,0,8,3,5,125,5,0,3,152,-1,-1
LOG3799372,0,1,1,0,0,1,0,1,0,8,3,5,125,5,0,3,152,-1,-1
LOG3799431,0,1,1,0,0,1,0,1,0,8,3,5,124,5,0,3,152,-1,-1
LOG3799489,0,1,1,0,0,1,0,1,0,8,3,5,124,5,0,3,152,-1,-1
LOG3799547,0,1,1,0,0,1,0,1,0,8,3,5,124,5,0,3,152,-1,-1
LOG3799606,0,1,1,0,0,1,0,1,0,8,3,5,124,5,0,3,152,-1,-1
LOG3799664,0,1,1,0,0,1,0,1,0,8,3,5,124,5,0,3,152,-1,-1
LOG3799723,0,1,1,0,0,1,0,1,0,8,3,5,124,5,0,3,152,-1,-1
LOG3799781,0,1,1,0,0,1,0,1,0,8,3,5,124,5,0,3,152,-1,-1
LOG3799838,0,1,1,0,0,1,0,1,0,8,3,5,124,5,0,3,152,-1,-1
LOG3799897,0,1,1,0,0,1,0,1,0,8,3,5,124,5,0,3,151,-1,-1
LOG3799955,0,1,1,0,0,1,0,1,0,8,3,5,125,5,0,3,151,-1,-1
LOG3800013,0,1,1,0,0,1,0,1,0,8,3,5,124,5,0,3,151,-1,-1
LOG3800072,0,1,1,0,0,1,0,1,0,8,3,5,125,5,0,3,151,-1,-1
LOG3800130,0,1,1,0,0,1,0,1,0,8,3,5,125,5,0,3,151,-1,-1
LOG3800188,0,1,1,0,0,1,0,1,0,8,3,5,124,5,0,3,151,-1,-1
LOG3800247,0,1,1,0,0,1,0,1,0,8,3,5,124,5,0,3,151,-1,-1
LOG3800304,0,1,1,0,0,1,0,1,0,8,3,5,124,5,0,3,151,-1,-1
LOG3800363,0,1,1,0,0,1,0,1,0,8,3,5,124,5,0,3,151,-1,-1
LOG3800421,0,1,1,0,0,1,0,1,0,8,3,5,124,5,0,3,151,-1,-1
LOG3800479,0,1,1,0,0,1,0,1,0,8,3,5,124,5,0,3,151,-1,-1
LOG3800538,0,1,1,0,0,1,0,1,0,8,3,5,124,5,0,3,151,-1,-1
LOG3800596,0,1,1,0,0,1,0,1,0,8,3,5,124,5,0,3,151,-1,-1
LOG3800654,0,1,1,0,0,1,0,1,0,8,3,5,123,5,0,3,151,-1,-1
LOG3800713,0,1,1,0,0,1,0,1,0,8,3,5,124,5,0,3,151,-1,-1
LOG3800770,0,1,1,0,0,1,0,1,0,8,3,5,124,5,0,3,151,-1,-1
LOG3800828,0,1,1,0,0,1,0,1,0,8,3,5,123,5,0,3,150,-1,-1
LOG3800887,0,1,1,0,0,1,0,1,0,8,3,5,123,5,0,3,150,-1,-1
LOG3800945,0,1,1,0,0,1,0,1,0,8,3,5,123,5,0,3,150,-1,-1
LOG3801004,0,1,1,0,0,1,0,1,0,8,3,5,123,5,0,3,150,-1,-1
LOG3801062,0,1,1,0,0,1,0,1,0,8,3,5,123,5,0,3,150,-1,-1
LOG3801120,0,1,1,0,0,1,0,1,0,8,3,5,123,5,0,3,150,-1,-1
LOG3801179,0,1,1,0,0,1,0,1,0,8,3,5,124,5,0,3,150,-1,-1
LOG3801236,0,1,1,0,0,1,0,1,0,8,3,5,123,5,0,3,150,-1,-1
LOG3801294,0,1,1,0,0,1,0,1,0,8,3,5,124,5,0,3,150,-1,-1
LOG3801353,0,1,1,0,0,1,0,1,0,8,3,5,123,5,0,3,150,-1,-1
LOG3801411,0,1,1,0,0,1,0,1,0,8,3,5,123,5,0,3,150,-1,-1
LOG3801469,0,1,1,0,0,1,0,1,0,8,3,5,123,5,0,3,150,-1,-1
LOG3801528,0,1,1,0,0,1,0,1,0,8,3,5,123,5,0,3,150,-1,-1
LOG3801586,0,1,1,0,0,1,0,1,0,8,3,5,123,5,0,3,150,-1,-1
LOG3801645,0,1,1,0,0,1,0,1,0,8,3,5,123,5,0,3,150,-1,-1
LOG3801702,0,1,1,0,0,1,0,1,0,8,3,5,124,5,0,3,150,-1,-1
LOG3801760,0,1,1,0,0,1,0,1,0,8,3,5,123,5,0,3,150,-1,-1
LOG3801819,0,1,1,0,0,1,0,1,0,8,3,5,123,5,0,3,150,-1,-1
LOG3801877,0,1,1,0,0,1,0,1,0,8,3,5,123,5,0,3,150,-1,-1
LOG3801935,0,1,1,0,0,1,0,1,0,8,3,5,122,5,0,3,150,-1,-1
LOG3801994,0,1,1,0,0,1,0,1,0,8,3,5,123,5,0,3,150,-1,-1
LOG3802052,0,1,1,0,0,1,0,1,0,8,3,5,123,5,0,3,150,-1,-1
LOG3802110,0,1,1,0,0,1,0,1,0,8,3,5,123,5,0,3,150,-1,-1
LOG3802168,0,1,1,0,0,1,0,1,0,8,3,5,123,5,0,3,150,-1,-1
LOG3802226,0,1,1,0,0,1,0,1,0,8,3,5,122,5,0,3,150,-1,-1
LOG3802285,0,1,1,0,0,1,0,1,0,8,3,5,123,5,0,3,149,-1,-1
LOG3802343,0,1,1,0,0,1,0,1,0,8,3,5,123,5,0,3,150,-1,-1
LOG3802401,0,1,1,0,0,1,0,1,0,8,3,5,123,5,0,3,149,-1,-1
LOG3802460,0,1,1,0,0,1,0,1,0,8,3,5,124,5,0,3,149,-1,-1
LOG3802518,0,1,1,0,0,1,0,1,0,8,3,5,123,5,0,3,149,-1,-1
LOG3802576,0,1,1,0,0,1,0,1,0,8,3,5,123,5,0,3,149,-1,-1
LOG3802634,0,1,1,0,0,1,0,1,0,8,3,5,122,5,0,3,149,-1,-1
LOG3802692,0,1,1,0,0,1,0,1,0,8,3,5,123,5,0,3,149,-1,-1
LOG3802750,0,1,1,0,0,1,0,1,0,8,3,5,123,5,0,3,149,-1,-1
LOG3802809,0,1,1,0,0,1,0,1,0,8,3,5,123,5,0,3,149,-1,-1
LOG3802867,0,1,1,0,0,1,0,1,0,8,3,5,123,5,0,3,149,-1,-1
LOG3802926,0,1,1,0,0,1,0,1,0,8,3,5,123,5,0,3,149,-1,-1
LOG3802984,0,1,1,0,0,1,0,1,0,8,3,5,123,5,0,3,149,-1,-1
LOG3803042,0,1,1,0,0,1,0,1,0,8,3,5,123,5,0,3,149,-1,-1
LOG3803100,0,1,1,0,0,1,0,1,0,8,3,5,123,5,0,3,149,-1,-1
LOG3803158,0,1,1,0,0,1,0,1,0,8,3,5,123,5,0,3,149,-1,-1
LOG3803216,0,1,1,0,0,1,0,1,0,8,3,5,122,5,0,3,149,-1,-1
LOG3803275,0,1,1,0,0,1,0,1,0,8,3,6,122,5,0,3,149,-1,-1
LOG3803333,0,1,1,0,0,1,0,1,0,8,3,6,122,5,0,3,149,-1,-1
LOG3803392,0,1,1,0,0,1,0,1,0,8,3,6,122,5,0,3,149,-1,-1
LOG3803450,0,1,1,0,0,1,0,1,0,8,3,6,122,5,0,3,149,-1,-1
LOG3803508,0,1,1,0,0,1,0,1,0,8,3,6,122,5,0,3,149,-1,-1
LOG3803566,0,1,1,0,0,1,0,1,0,8,3,6,123,5,0,3,149,-1,-1
LOG3803624,0,1,1,0,0,1,0,1,0,8,3,6,122,5,0,3,149,-1,-1
LOG3803682,0,1,1,0,0,1,0,1,0,8,3,6,122,5,0,3,149,-1,-1
LOG3803741,0,1,1,0,0,1,0,1,0,8,3,6,123,5,0,3,149,-1,-1
LOG3803799,0,1,1,0,0,1,0,1,0,8,3,6,122,5,0,3,149,-1,-1
LOG3803857,0,1,1,0,0,1,0,1,0,8,3,6,122,5,0,3,149,-1,-1
LOG3803916,0,1,1,0,0,1,0,1,0,8,3,6,122,5,0,3,149,-1,-1
LOG3803974,0,1,1,0,0,1,0,1,0,8,3,6,122,5,0,3,149,-1,-1
LOG3804032,0,1,1,0,0,1,0,1,0,8,3,6,123,5,0,3,149,-1,-1
LOG3804090,0,1,1,0,0,1,0,1,0,8,3,6,122,5,0,3,149,-1,-1
LOG3804148,0,1,1,0,0,1,0,1,0,8,3,6,122,5,0,3,149,-1,-1
LOG3804207,0,1,1,0,0,1,0,1,0,8,3,6,122,5,0,3,149,-1,-1
LOG3804265,0,1,1,0,0,1,0,1,0,8,3,6,121,5,0,3,149,-1,-1
LOG3804323,0,1,1,0,0,1,0,1,0,8,3,6,122,5,0,3,149,-1,-1
LOG3804382,0,1,1,0,0,1,0,1,0,8,3,6,122,5,0,3,149,-1,-1
LOG3804440,0,1,1,0,0,1,0,1,0,8,3,6,122,5,0,3,149,-1,-1
LOG3804497,0,1,1,0,0,1,0,1,0,8,3,6,122,5,0,3,149,-1,-1
LOG3804556,0,1,1,0,0,1,0,1,0,8,3,6,122,5,0,3,149,-1,-1
LOG3804614,0,1,1,0,0,1,0,1,0,8,3,6,123,5,0,3,148,-1,-1
LOG3804673,0,1,1,0,0,1,0,1,0,8,3,6,122,5,0,3,149,-1,-1
LOG3804731,0,1,1,0,0,1,0,1,0,8,3,6,123,5,0,3,149,-1,-1
LOG3804789,0,1,1,0,0,1,0,1,0,8,3,6,122,5,0,3,148,-1,-1
LOG3804848,0,1,1,0,0,1,0,1,0,8,3,6,122,5,0,3,149,-1,-1
LOG3804906,0,1,1,0,0,1,0,1,0,8,3,6,122,5,0,3,148,-1,-1
LOG3804963,0,1,1,0,0,1,0,1,0,8,3,6,122,5,0,3,149,-1,-1
LOG3805022,0,1,1,0,0,1,0,1,0,8,3,6,122,5,0,3,148,-1,-1
LOG3805080,0,1,1,0,0,1,0,1,0,8,3,6,122,5,0,3,148,-1,-1
LOG3805138,0,1,1,0,0,1,0,1,0,8,3,6,122,5,0,3,148,-1,-1
LOG3805197,0,1,1,0,0,1,0,1,0,8,3,6,122,5,0,3,148,-1,-1
LOG3805255,0,1,1,0,0,1,0,1,0,8,3,6,122,5,0,3,148,-1,-1
LOG3805314,0,1,1,0,0,1,0,1,0,8,3,6,122,5,0,3,148,-1,-1
LOG3805372,0,1,1,0,0,1,0,1,0,8,3,6,122,5,0,3,148,-1,-1
LOG3805429,0,1,1,0,0,1,0,1,0,8,3,6,122,5,0,3,148,-1,-1
LOG3805488,0,1,1,0,0,1,0,1,0,8,3,6,121,5,0,3,148,-1,-1
LOG3805546,0,1,1,0,0,1,0,1,0,8,3,6,122,5,0,3,148,-1,-1
LOG3805604,0,1,1,0,0,1,0,1,0,8,3,6,122,5,0,3,148,-1,-1
LOG3805663,0,1,1,0,0,1,0,1,0,8,3,6,123,5,0,3,148,-1,-1
LOG3805721,0,1,1,0,0,1,0,1,0,8,3,6,122,5,0,3,148,-1,-1
LOG3805779,0,1,1,0,0,1,0,1,0,8,3,6,122,5,0,3,148,-1,-1
LOG3805838,0,1,1,0,0,1,0,1,0,8,3,6,122,5,0,3,148,-1,-1
LOG3805895,0,1,1,0,0,1,0,1,0,8,3,6,122,5,0,3,148,-1,-1
LOG3805954,0,1,1,0,0,1,0,1,0,8,3,6,123,5,0,3,148,-1,-1
LOG3806012,0,1,1,0,0,1,0,1,0,8,3,6,122,5,0,3,148,-1,-1
LOG3806070,0,1,1,0,0,1,0,1,0,8,3,6,122,5,0,3,148,-1,-1
LOG3806129,0,1,1,0,0,1,0,1,0,8,3,6,122,5,0,3,148,-1,-1
LOG3806187,0,1,1,0,0,1,0,1,0,8,3,6,122,5,0,3,148,-1,-1
LOG3806245,0,1,1,0,0,1,0,1,0,8,3,6,122,5,0,3,148,-1,-1
LOG3806304,0,1,1,0,0,1,0,1,0,8,3,6,121,5,0,3,148,-1,-1
LOG3806361,0,1,1,0,0,1,0,1,0,8,3,6,122,5,0,3,148,-1,-1
LOG3806419,0,1,1,0,0,1,0,1,0,8,3,6,122,5,0,3,148,-1,-1
LOG3806478,0,1,1,0,0,1,0,1,0,8,3,6,121,5,0,3,148,-1,-1
LOG3806536,0,1,1,0,0,1,0,1,0,8,3,6,122,5,0,3,148,-1,-1
LOG3806595,0,1,1,0,0,1,0,1,0,8,3,6,122,5,0,3,148,-1,-1
LOG3806653,0,1,1,0,0,1,0,1,0,8,3,6,121,5,0,3,148,-1,-1
LOG3806711,0,1,1,0,0,1,0,1,0,8,3,6,122,5,0,3,148,-1,-1
LOG3806770,0,1,1,0,0,1,0,1,0,8,3,6,122,5,0,3,148,-1,-1
LOG3806827,0,1,1,0,0,1,0,1,0,8,3,6,122,5,0,3,148,-1,-1
LOG3806885,0,1,1,0,0,1,0,1,0,8,3,6,122,5,0,3,148,-1,-1
LOG3806944,0,1,1,0,0,1,0,1,0,8,3,6,121,5,0,3,148,-1,-1
LOG3807002,0,1,1,0,0,1,0,1,0,8,3,6,121,5,0,3,148,-1,-1
LOG3807060,0,1,1,0,0,1,0,1,0,8,3,6,122,5,0,3,148,-1,-1
LOG3807119,0,1,1,0,0,1,0,1,0,8,3,6,122,5,0,3,148,-1,-1
LOG3807177,0,1,1,0,0,1,0,1,0,8,3,6,121,5,0,3,148,-1,-1
LOG3807236,0,1,1,0,0,1,0,1,0,8,3,6,122,5,0,3,148,-1,-1
LOG3807293,0,1,1,0,0,1,0,1,0,8,3,6,122,5,0,3,148,-1,-1
LOG3807351,0,1,1,0,0,1,0,1,0,8,3,6,122,5,0,3,148,-1,-1
LOG3807410,0,1,1,0,0,1,0,1,0,8,3,6,122,5,0,3,148,-1,-1
LOG3807468,0,1,1,0,0,1,0,1,0,8,3,6,121,5,0,3,148,-1,-1
LOG3807526,0,1,1,0,0,1,0,1,0,8,3,6,122,5,0,3,148,-1,-1
LOG3807585,0,1,1,0,0,1,0,1,0,8,3,6,122,5,0,3,148,-1,-1
LOG3807643,0,1,1,0,0,1,0,1,0,8,3,6,121,5,0,3,148,-1,-1
LOG3807702,0,1,1,0,0,1,0,1,0,8,3,6,121,5,0,3,148,-1,-1
LOG3807759,0,1,1,0,0,1,0,1,0,8,3,6,122,5,0,3,148,-1,-1
LOG3807817,0,1,1,0,0,1,0,1,0,8,3,6,122,5,0,3,148,-1,-1
LOG3807876,0,1,1,1,0,1,0,1,0,8,3,6,121,5,0,3,148,-1,-1
LOG3807934,0,1,1,1,0,1,0,1,0,8,2,6,17,5,0,3,148,-1,-1
LOG3807991,0,1,1,1,0,1,0,1,0,8,1,6,1,5,0,3,149,-1,-1
LOG3808048,0,1,1,1,0,1,0,1,0,8,0,6,0,5,0,3,150,-1,-1
LOG3808104,0,1,1,1,0,1,0,1,0,8,0,6,0,5,0,3,150,-1,-1
LOG3808160,0,1,1,1,0,1,0,1,0,8,0,6,0,5,0,3,151,-1,-1
LOG3808216,0,1,1,1,0,1,0,1,0,8,0,6,0,5,0,3,152,-1,-1
LOG3808272,0,1,1,1,0,1,0,1,0,8,0,5,0,5,0,3,153,-1,-1
LOG3808328,0,1,1,1,0,1,0,1,0,8,0,5,0,5,0,3,154,-1,-1
LOG3808385,0,1,1,1,0,1,0,1,0,8,0,5,0,5,0,3,154,-1,-1
LOG3808441,0,1,1,1,0,1,0,1,0,8,0,5,0,5,0,3,155,-1,-1
LOG3808497,0,1,1,1,0,1,0,1,0,8,0,5,0,5,0,3,156,-1,-1
LOG3808552,0,1,1,1,0,1,0,1,0,8,0,5,0,5,0,3,156,-1,-1
LOG3808609,0,1,1,1,0,1,0,1,0,8,0,5,0,5,0,3,157,-1,-1
LOG3808665,0,1,1,1,0,1,0,1,0,8,0,5,0,5,0,3,158,-1,-1
LOG3808721,0,1,1,1,0,1,0,1,0,8,0,5,0,5,0,3,158,-1,-1
LOG3808778,0,1,1,1,0,1,0,1,0,8,0,5,0,5,0,3,159,-1,-1
LOG3808834,0,1,1,1,0,1,0,1,0,8,0,5,0,5,0,3,160,-1,-1
LOG3808889,0,1,1,1,0,1,0,1,0,8,0,5,0,5,0,3,160,-1,-1
LOG3808946,0,1,1,1,0,1,0,1,0,8,0,5,0,5,0,3,161,-1,-1
LOG3809002,0,1,1,1,0,1,0,1,0,8,0,5,0,5,0,3,162,-1,-1
LOG3809058,0,1,1,1,0,1,0,1,0,8,0,5,0,5,0,3,163,-1,-1
LOG3809115,0,1,1,1,0,1,0,1,0,8,0,5,0,5,0,3,163,-1,-1
LOG3809171,0,1,1,1,0,1,0,1,0,8,0,5,0,5,0,3,164,-1,-1
LOG3809227,0,1,1,1,0,1,0,1,0,8,0,5,0,5,0,3,165,-1,-1
LOG3809283,0,1,1,1,0,1,0,1,0,8,0,5,0,5,0,3,165,-1,-1
LOG3809339,0,1,1,1,0,1,0,1,0,8,0,6,0,5,0,3,166,-1,-1
LOG3809395,0,1,1,1,0,1,0,1,0,8,0,6,0,5,0,3,167,-1,-1
LOG3809452,0,1,1,1,0,1,0,1,0,8,0,6,0,5,0,3,167,-1,-1
LOG3809508,0,1,1,1,0,1,0,1,0,8,0,6,0,5,0,3,168,-1,-1
LOG3809564,0,1,1,1,0,1,0,1,0,8,0,6,0,5,0,3,169,-1,-1
LOG3809619,0,1,1,1,0,1,0,1,0,8,0,6,0,5,0,3,169,-1,-1
LOG3809676,0,1,1,1,0,1,0,1,0,8,0,6,0,5,0,3,170,-1,-1
LOG3809732,0,1,1,1,0,1,0,1,0,8,0,6,0,5,0,3,171,-1,-1
LOG3809788,0,1,1,1,0,1,0,1,0,8,0,6,0,5,0,3,171,-1,-1
LOG3809845,0,1,1,1,0,1,0,1,0,8,0,6,0,5,0,3,172,-1,-1
LOG3809901,0,1,1,1,0,1,0,1,0,8,0,6,0,5,0,3,173,-1,-1
LOG3809957,0,1,1,1,0,1,0,1,0,8,0,6,0,5,0,3,173,-1,-1
LOG3810013,0,1,1,1,0,1,0,1,0,8,0,6,0,5,0,3,174,-1,-1
LOG3810069,0,1,1,1,0,1,0,1,0,8,0,6,0,5,0,3,175,-1,-1
LOG3810125,0,1,1,1,0,1,0,1,0,8,0,6,0,5,0,3,175,-1,-1
LOG3810182,0,1,1,1,0,1,0,1,0,8,0,6,0,5,0,3,176,-1,-1
LOG3810238,0,1,1,1,0,1,0,1,0,8,0,6,0,5,0,3,176,-1,-1
LOG3810294,0,1,1,1,0,1,0,1,0,8,0,6,0,5,0,3,177,-1,-1
LOG3810350,0,1,1,1,0,1,0,1,0,8,0,6,0,5,0,3,178,-1,-1
LOG3810406,0,1,1,1,0,1,0,1,0,8,0,6,0,5,0,3,178,-1,-1
LOG3810462,0,1,1,1,0,1,0,1,0,8,0,6,0,5,0,3,179,-1,-1
LOG3810519,0,1,1,1,0,1,0,1,0,8,0,6,0,5,0,3,180,-1,-1
LOG3810575,0,1,1,1,0,1,0,1,0,8,0,6,0,5,0,3,180,-1,-1
LOG3810631,0,1,1,1,0,1,0,1,0,8,0,6,0,5,0,3,181,-1,-1
LOG3810686,0,1,1,1,0,1,0,1,0,8,0,6,0,5,0,3,182,-1,-1
LOG3810743,0,1,1,1,0,1,0,1,0,8,0,6,0,5,0,3,182,-1,-1
LOG3810799,0,1,1,1,0,1,0,1,0,8,0,6,0,5,0,3,183,-1,-1
LOG3810855,0,1,1,1,0,1,0,1,0,8,0,6,0,5,0,3,183,-1,-1
LOG3810912,0,1,1,1,0,1,0,1,0,8,0,6,0,5,0,3,184,-1,-1
LOG3810968,0,1,1,1,0,1,0,1,0,8,0,6,0,5,0,3,185,-1,-1
LOG3811024,0,1,1,1,0,1,0,1,0,8,0,6,0,5,0,3,185,-1,-1
LOG3811080,0,1,1,1,0,1,0,1,0,8,0,6,0,5,0,3,186,-1,-1
LOG3811136,0,1,1,1,0,1,0,1,0,8,0,6,0,5,0,3,186,-1,-1
LOG3811192,0,1,1,1,0,1,0,1,0,8,0,6,0,5,0,3,187,-1,-1
LOG3811249,0,1,1,1,0,1,0,1,0,8,0,6,0,5,0,3,188,-1,-1
LOG3811305,0,1,1,1,0,1,0,1,0,8,0,6,0,5,0,3,188,-1,-1
LOG3811361,0,1,1,1,0,1,0,1,0,8,0,6,0,5,0,3,189,-1,-1
LOG3811417,0,1,1,1,0,1,0,1,0,8,0,6,0,5,0,3,189,-1,-1
LOG3811473,0,1,1,1,0,1,0,1,0,8,0,6,0,5,0,3,190,-1,-1
LOG3811529,0,1,1,1,0,1,0,1,0,8,0,6,0,5,0,3,190,-1,-1
LOG3811586,0,1,1,1,0,1,0,1,0,8,0,6,0,5,0,3,191,-1,-1
LOG3811642,0,1,1,1,0,1,0,1,0,8,0,6,0,5,0,3,192,-1,-1
LOG3811698,0,1,1,1,0,1,0,1,0,8,0,6,0,5,0,3,192,-1,-1
LOG3811755,0,1,1,1,0,1,0,1,0,8,0,6,0,5,0,3,193,-1,-1
LOG3811810,0,1,1,1,0,1,0,1,0,8,0,6,0,5,0,3,193,-1,-1
LOG3811866,0,1,1,1,0,1,0,1,0,8,0,6,1,5,0,3,194,-1,-1
LOG3811922,0,1,1,1,0,1,0,1,0,8,0,6,0,5,0,3,194,-1,-1
LOG3811979,0,1,1,1,0,1,0,1,0,8,0,6,0,5,0,3,195,-1,-1
LOG3812035,0,1,1,1,0,1,0,1,0,8,0,6,0,5,0,3,195,-1,-1
LOG3812091,0,1,1,1,0,1,0,1,0,8,0,6,0,5,0,3,196,-1,-1
LOG3812147,0,1,1,1,0,1,0,1,0,8,0,6,0,5,0,3,196,-1,-1
LOG3812203,0,1,1,1,0,1,0,1,0,8,0,6,0,5,0,3,197,-1,-1
LOG3812259,0,1,1,1,0,1,0,1,0,8,0,6,0,5,0,3,197,-1,-1
LOG3812316,0,1,1,1,0,1,0,1,0,8,0,6,0,5,0,3,198,-1,-1
LOG3812372,0,1,1,1,0,1,0,1,0,8,0,6,0,5,0,3,199,-1,-1
LOG3812428,0,1,1,1,0,1,0,1,0,8,0,6,0,5,0,3,199,-1,-1
LOG3812484,0,1,1,1,0,1,0,1,0,8,0,6,0,5,0,3,199,-1,-1
LOG3812540,0,1,1,1,0,1,0,1,0,8,0,6,0,5,0,3,200,-1,-1
LOG3812596,0,1,1,1,0,1,0,1,0,8,0,6,0,5,0,3,201,-1,-1
LOG3812653,0,1,1,1,0,1,0,1,0,8,0,6,0,5,0,3,201,-1,-1
LOG3812709,0,1,1,1,0,1,0,1,0,8,0,6,0,5,0,3,202,-1,-1
LOG3812765,0,1,1,1,0,1,0,1,0,8,0,6,0,5,0,3,202,-1,-1
LOG3812822,0,1,1,1,0,1,0,1,0,8,0,6,0,5,0,3,203,-1,-1
LOG3812877,0,1,1,1,0,1,0,1,0,8,0,6,0,5,0,3,203,-1,-1
LOG3812933,0,1,1,1,0,1,0,1,0,8,0,6,0,5,0,3,203,-1,-1
LOG3812989,0,1,1,1,0,1,0,1,0,8,0,6,0,5,0,3,204,-1,-1
LOG3813046,0,1,1,1,0,1,0,1,0,8,0,6,0,5,0,3,205,-1,-1
LOG3813102,0,1,1,1,0,1,0,1,0,8,0,6,0,5,0,3,205,-1,-1
LOG3813158,0,1,1,1,0,1,0,1,0,8,0,6,0,5,0,3,205,-1,-1
LOG3813214,0,1,1,1,0,1,0,1,0,8,0,6,0,5,0,3,206,-1,-1
LOG3813270,0,1,1,1,0,1,0,1,0,8,0,6,0,5,0,3,207,-1,-1
LOG3813326,0,1,1,1,0,1,0,1,0,8,0,6,0,5,0,3,207,-1,-1
LOG3813383,0,1,1,1,0,1,0,1,0,8,0,6,0,5,0,3,207,-1,-1
LOG3813439,0,1,1,1,0,1,0,1,0,8,0,6,0,5,0,3,208,-1,-1
LOG3813495,0,1,1,1,0,1,0,1,0,8,0,6,0,5,0,3,208,-1,-1
LOG3813552,0,1,1,1,0,1,0,1,0,8,0,6,0,5,0,3,209,-1,-1
LOG3813607,0,1,1,1,0,1,0,1,0,8,0,6,0,5,0,3,209,-1,-1
LOG3813663,0,1,1,1,0,1,0,1,0,8,0,6,0,5,0,3,210,-1,-1
LOG3813720,0,1,1,1,0,1,0,1,0,8,0,6,0,5,0,3,210,-1,-1
LOG3813776,0,1,1,1,0,1,0,1,0,8,0,6,0,5,0,3,211,-1,-1
LOG3813832,0,1,1,1,0,1,0,1,0,8,0,6,0,5,0,3,211,-1,-1
LOG3813889,0,1,1,1,0,1,0,1,0,8,0,6,0,5,0,3,211,-1,-1
LOG3813944,0,1,1,1,0,1,0,1,0,8,0,6,1,5,0,3,212,-1,-1
LOG3814000,0,1,1,1,0,1,0,1,0,8,0,6,0,5,0,3,212,-1,-1
LOG3814056,0,1,1,1,0,1,0,1,0,8,0,6,0,5,0,3,213,-1,-1
LOG3814113,0,1,1,1,0,1,0,1,0,8,0,6,0,5,0,3,213,-1,-1
LOG3814169,0,1,1,1,0,1,0,1,0,8,0,6,0,5,0,3,214,-1,-1
LOG3814225,0,1,1,1,0,1,0,1,0,8,0,6,0,5,0,3,214,-1,-1
LOG3814281,0,1,1,1,0,1,0,1,0,8,0,6,0,5,0,3,215,-1,-1
LOG3814337,0,1,1,1,0,1,0,1,0,8,0,6,0,5,0,3,215,-1,-1
LOG3814393,0,1,1,1,0,1,0,1,0,8,0,6,0,5,0,3,215,-1,-1
LOG3814450,0,1,1,1,0,1,0,1,0,8,0,6,0,5,0,3,216,-1,-1
LOG3814506,0,1,1,1,0,1,0,1,0,8,0,6,0,5,0,3,216,-1,-1
LOG3814562,0,1,1,1,0,1,0,1,0,8,0,6,0,5,0,3,216,-1,-1
LOG3814619,0,1,1,1,0,1,0,1,0,8,0,6,1,5,0,3,217,-1,-1
LOG3814674,0,1,1,1,0,1,0,1,0,8,0,6,0,5,0,3,217,-1,-1
LOG3814730,0,1,1,1,0,1,0,1,0,8,0,6,0,5,0,3,218,-1,-1
LOG3814787,0,1,1,1,0,1,0,1,0,8,0,6,0,5,0,3,218,-1,-1
LOG3814843,0,1,1,1,0,1,0,1,0,8,0,6,0,5,0,3,219,-1,-1
LOG3814899,0,1,1,1,0,1,0,1,0,8,0,6,0,5,0,3,219,-1,-1
LOG3814956,0,1,1,1,0,1,0,1,0,8,0,6,1,5,0,3,219,-1,-1
LOG3815011,0,1,1,1,0,1,0,1,0,8,0,6,0,5,0,3,220,-1,-1
LOG3815067,0,1,1,1,0,1,0,1,0,8,0,6,0,5,0,3,220,-1,-1
LOG3815123,0,1,1,1,0,1,0,1,0,8,0,6,0,5,0,3,221,-1,-1
LOG3815180,0,1,1,1,0,1,0,1,0,8,0,6,0,5,0,3,221,-1,-1
LOG3815236,0,1,1,1,0,1,0,1,0,8,0,6,1,5,0,3,221,-1,-1
LOG3815292,0,1,1,1,0,1,0,1,0,8,0,6,0,5,0,3,222,-1,-1
LOG3815349,0,1,1,1,0,1,0,1,0,8,0,6,0,5,0,3,222,-1,-1
LOG3815404,0,1,1,1,0,1,0,1,0,8,0,6,0,5,0,3,222,-1,-1
LOG3815460,0,1,1,1,0,1,0,1,0,8,0,6,0,5,0,3,223,-1,-1
LOG3815517,0,1,1,1,0,1,0,1,0,8,0,6,0,5,0,3,223,-1,-1
LOG3815573,0,1,1,1,0,1,0,1,0,8,0,6,0,5,0,3,224,-1,-1
LOG3815629,0,1,1,1,0,1,0,1,0,8,0,6,0,5,0,3,224,-1,-1
LOG3815686,0,1,1,1,0,1,0,1,0,8,0,6,0,5,0,3,224,-1,-1
LOG3815741,0,1,1,1,0,1,0,1,0,8,0,6,0,5,0,3,225,-1,-1
LOG3815797,0,1,1,1,0,1,0,1,0,8,0,6,0,5,0,3,225,-1,-1
LOG3815854,0,1,1,1,0,1,0,1,0,8,0,5,0,5,0,3,225,-1,-1
LOG3815910,0,1,1,1,0,1,0,1,0,8,0,5,0,5,0,3,226,-1,-1
LOG3815966,0,1,1,1,0,1,0,1,0,8,0,5,0,5,0,3,226,-1,-1
LOG3816023,0,1,1,1,0,1,0,1,0,8,0,6,0,5,0,3,226,-1,-1
LOG3816078,0,1,1,1,0,1,0,1,0,8,0,6,0,5,0,3,227,-1,-1
LOG3816134,0,1,1,1,0,1,0,1,0,8,0,5,0,5,0,3,227,-1,-1
LOG3816190,0,1,1,1,0,1,0,1,0,8,0,6,0,5,0,3,227,-1,-1
LOG3816247,0,1,1,1,0,1,0,1,0,8,0,6,0,5,0,3,227,-1,-1
LOG3816303,0,1,1,1,0,1,0,1,0,8,0,5,0,5,0,3,228,-1,-1
LOG3816359,0,1,1,1,0,1,0,1,0,8,0,5,0,5,0,3,228,-1,-1
LOG3816416,0,1,1,1,0,1,0,1,0,8,0,6,0,5,0,3,229,-1,-1
LOG3816471,0,1,1,1,0,1,0,1,0,8,0,5,0,5,0,3,229,-1,-1
LOG3816527,0,1,1,1,0,1,0,1,0,8,0,5,0,5,0,3,229,-1,-1
LOG3816584,0,1,1,1,0,1,0,1,0,8,0,5,0,5,0,3,230,-1,-1
LOG3816640,0,1,1,1,0,1,0,1,0,8,0,5,0,5,0,3,230,-1,-1
LOG3816696,0,1,1,1,0,1,0,1,0,8,0,5,0,5,0,3,230,-1,-1
LOG3816753,0,1,1,1,0,1,0,1,0,8,0,5,0,5,0,3,230,-1,-1
LOG3816808,0,1,1,1,0,1,0,1,0,8,0,5,0,5,0,3,231,-1,-1
LOG3816864,0,1,1,1,0,1,0,1,0,8,0,5,0,5,0,3,231,-1,-1
LOG3816921,0,1,1,1,0,1,0,1,0,8,0,5,1,5,0,3,231,-1,-1
LOG3816977,0,1,1,1,0,1,0,1,0,8,0,5,1,5,0,3,232,-1,-1
LOG3817033,0,1,1,1,0,1,0,1,0,8,0,5,0,5,0,3,232,-1,-1
LOG3817090,0,1,1,1,0,1,0,1,0,8,0,5,0,5,0,3,232,-1,-1
LOG3817146,0,1,1,1,0,1,0,1,0,8,0,5,0,5,0,3,232,-1,-1
LOG3817201,0,1,1,1,0,1,0,1,0,8,0,5,0,5,0,3,233,-1,-1
LOG3817257,0,1,1,1,0,1,0,1,0,8,0,5,0,5,0,3,233,-1,-1
LOG3817314,0,1,1,1,0,1,0,1,0,8,0,5,0,5,0,3,233,-1,-1
LOG3817370,0,1,1,1,0,1,0,1,0,8,0,5,0,5,0,3,234,-1,-1
LOG3817426,0,1,1,1,0,1,0,1,0,8,0,5,0,5,0,3,234,-1,-1
LOG3817483,0,1,1,1,0,1,0,1,0,8,0,5,0,5,0,3,234,-1,-1
LOG3817538,0,1,1,1,0,1,0,1,0,8,0,5,0,5,0,3,234,-1,-1
LOG3817594,0,1,1,1,0,1,0,1,0,8,0,5,0,5,0,3,235,-1,-1
LOG3817651,0,1,1,1,0,1,0,1,0,8,0,5,0,5,0,3,235,-1,-1
LOG3817707,0,1,1,1,0,1,0,1,0,8,0,5,0,5,0,3,235,-1,-1
LOG3817763,0,1,1,1,0,1,0,1,0,8,0,5,0,5,0,3,235,-1,-1
LOG3817820,0,1,1,1,0,1,0,1,0,8,0,5,0,5,0,3,236,-1,-1
LOG3817875,0,1,1,1,0,1,0,1,0,8,0,5,0,5,0,3,236,-1,-1
LOG3817931,0,1,1,1,0,1,0,1,0,8,0,5,0,5,0,3,236,-1,-1
LOG3817988,0,1,1,1,0,1,0,1,0,8,0,5,0,5,0,3,237,-1,-1
LOG3818044,0,1,1,1,0,1,0,1,0,8,0,5,0,5,0,3,237,-1,-1
LOG3818100,0,1,1,1,0,1,0,1,0,8,0,5,0,5,0,3,237,-1,-1
LOG3818157,0,1,1,1,0,1,0,1,0,8,0,5,1,5,0,3,237,-1,-1
LOG3818213,0,1,1,1,0,1,0,1,0,8,0,5,0,5,0,3,238,-1,-1
LOG3818268,0,1,1,1,0,1,0,1,0,8,0,5,1,5,0,3,238,-1,-1
LOG3818324,0,1,1,1,0,1,0,1,0,8,0,5,0,5,0,3,238,-1,-1
LOG3818381,0,1,1,1,0,1,0,1,0,8,0,5,0,5,0,3,238,-1,-1
LOG3818437,0,1,1,1,0,1,0,1,0,8,0,5,0,5,0,3,239,-1,-1
LOG3818493,0,1,1,1,0,1,0,1,0,8,0,5,0,5,0,3,239,-1,-1
LOG3818550,0,1,1,1,0,1,0,1,0,8,0,5,0,5,0,3,239,-1,-1
LOG3818605,0,1,1,1,0,1,0,1,0,8,0,5,0,5,0,3,239,-1,-1
LOG3818661,0,1,1,1,0,1,0,1,0,8,0,5,0,5,0,3,239,-1,-1
LOG3818718,0,1,1,1,0,1,0,1,0,8,0,5,0,5,0,3,240,-1,-1
LOG3818774,0,1,1,1,0,1,0,1,0,8,0,5,0,5,0,3,240,-1,-1
LOG3818830,0,1,1,1,0,1,0,1,0,8,0,5,0,5,0,3,240,-1,-1
LOG3818887,0,1,1,1,0,1,0,1,0,8,0,5,0,5,0,3,240,-1,-1
LOG3818943,0,1,1,1,0,1,0,1,0,8,0,5,0,5,0,3,240,-1,-1
LOG3818998,0,1,1,1,0,1,0,1,0,8,0,5,0,5,0,3,241,-1,-1
LOG3819055,0,1,1,1,0,1,0,1,0,8,0,5,1,5,0,3,241,-1,-1
LOG3819111,0,1,1,1,0,1,0,1,0,8,0,5,0,5,0,3,241,-1,-1
LOG3819167,0,1,1,1,0,1,0,1,0,8,0,5,0,5,0,3,241,-1,-1
LOG3819224,0,1,1,1,0,1,0,1,0,8,0,5,0,5,0,3,242,-1,-1
LOG3819280,0,1,1,1,0,1,0,1,0,8,0,5,0,5,0,3,242,-1,-1
LOG3819335,0,1,1,1,0,1,0,1,0,8,0,5,0,5,0,3,242,-1,-1
LOG3819392,0,1,1,1,0,1,0,1,0,8,0,5,0,5,0,3,242,-1,-1
LOG3819448,0,1,1,1,0,1,0,1,0,8,0,5,0,5,0,3,242,-1,-1
LOG3819504,0,1,1,1,0,1,0,1,0,8,0,5,0,5,0,3,242,-1,-1
LOG3819560,0,1,1,1,0,1,0,1,0,8,0,5,0,5,0,3,243,-1,-1
LOG3819617,0,1,1,1,0,1,0,1,0,8,0,5,0,5,0,3,243,-1,-1
LOG3819672,0,1,1,1,0,1,0,1,0,8,0,5,0,5,0,3,243,-1,-1
LOG3819728,0,1,1,1,0,1,0,1,0,8,0,5,0,5,0,3,243,-1,-1
LOG3819785,0,1,1,1,0,1,0,1,0,8,0,5,0,5,0,3,243,-1,-1
LOG3819841,0,1,1,1,0,1,0,1,0,8,0,5,0,5,0,3,243,-1,-1
LOG3819897,0,1,1,1,0,1,0,1,0,8,0,5,0,5,0,3,244,-1,-1
LOG3819954,0,1,1,1,0,1,0,1,0,8,0,5,0,5,0,3,244,-1,-1
LOG3820010,0,1,1,1,0,1,0,1,0,8,0,5,0,5,0,3,244,-1,-1
LOG3820065,0,1,1,1,0,1,0,1,0,8,0,5,0,5,0,3,244,-1,-1
LOG3820122,0,1,1,1,0,1,0,1,0,8,0,5,0,5,0,3,244,-1,-1
LOG3820178,0,1,1,1,0,1,0,1,0,8,0,5,0,5,0,3,244,-1,-1
LOG3820234,0,1,1,1,0,1,0,1,0,8,0,5,0,5,0,3,245,-1,-1
LOG3820291,0,1,1,1,0,1,0,1,0,8,0,5,0,5,0,3,245,-1,-1
LOG3820347,0,1,1,1,0,1,0,1,0,8,0,5,0,5,0,3,245,-1,-1
LOG3820402,0,1,1,1,0,1,0,1,0,8,0,5,0,5,0,3,245,-1,-1
LOG3820459,0,1,1,1,0,1,0,1,0,8,0,5,0,5,0,3,245,-1,-1
LOG3820515,0,1,1,1,0,1,0,1,0,8,0,5,0,5,0,3,245,-1,-1
LOG3820571,0,1,1,1,0,1,0,1,0,8,0,5,0,5,0,3,246,-1,-1
LOG3820627,0,1,1,1,0,1,0,1,0,8,0,5,0,5,0,3,246,-1,-1
LOG3820684,0,1,1,1,0,1,0,1,0,8,0,5,0,5,0,3,246,-1,-1
LOG3820740,0,1,1,1,0,1,0,1,0,8,0,5,0,5,0,3,246,-1,-1
LOG3820795,0,1,1,1,0,1,0,1,0,8,0,5,0,5,0,3,246,-1,-1
LOG3820852,0,1,1,1,0,1,0,1,0,8,0,5,0,5,0,3,246,-1,-1
LOG3820908,0,1,1,1,0,1,0,1,0,8,0,5,0,5,0,3,246,-1,-1
LOG3820964,0,1,1,1,0,1,0,1,0,8,0,5,0,5,0,3,247,-1,-1
LOG3821021,0,1,1,1,0,1,0,1,0,8,0,5,0,5,0,3,247,-1,-1
LOG3821077,0,1,1,1,0,1,0,1,0,8,0,5,0,5,0,3,247,-1,-1
LOG3821132,0,1,1,1,0,1,0,1,0,8,0,5,0,5,0,3,247,-1,-1
LOG3821189,0,1,1,1,0,1,0,1,0,8,0,5,0,5,0,3,247,-1,-1
LOG3821245,0,1,1,1,0,1,0,1,0,8,0,5,0,5,0,3,247,-1,-1
LOG3821301,0,1,1,1,0,1,0,1,0,8,0,5,0,5,0,3,247,-1,-1
LOG3821358,0,1,1,1,0,1,0,1,0,8,0,5,0,5,0,3,248,-1,-1
LOG3821414,0,1,1,1,0,1,0,1,0,8,0,5,0,5,0,3,248,-1,-1
LOG3821469,0,1,1,1,0,1,0,1,0,8,0,5,0,5,0,3,248,-1,-1
LOG3821526,0,1,1,1,0,1,0,1,0,8,0,5,0,5,0,3,248,-1,-1
LOG3821582,0,1,1,1,0,1,0,1,0,8,0,5,0,5,0,3,248,-1,-1
LOG3821638,0,1,1,1,0,1,0,1,0,8,0,5,0,5,0,3,248,-1,-1
LOG3821694,0,1,1,1,0,1,0,1,0,8,0,5,1,5,0,3,248,-1,-1
LOG3821751,0,1,1,1,0,1,0,1,0,8,0,5,0,5,0,3,249,-1,-1
LOG3821807,0,1,1,1,0,1,0,1,0,8,0,5,0,5,0,3,249,-1,-1
LOG3821862,0,1,1,1,0,1,0,1,0,8,0,5,0,5,0,3,249,-1,-1
LOG3821919,0,1,1,1,0,1,0,1,0,8,0,5,0,5,0,3,249,-1,-1
LOG3821975,0,1,1,1,0,1,0,1,0,8,0,5,0,5,0,3,249,-1,-1
LOG3822031,0,1,1,1,0,1,0,1,0,8,0,5,1,5,0,3,249,-1,-1
LOG3822088,0,1,1,1,0,1,0,1,0,8,0,5,0,5,0,3,249,-1,-1
LOG3822144,0,1,1,1,0,1,0,1,0,8,0,5,0,5,0,3,249,-1,-1
LOG3822199,0,1,1,1,0,1,0,1,0,8,0,5,0,5,0,3,249,-1,-1
LOG3822256,0,1,1,1,0,1,0,1,0,8,0,5,0,5,0,3,249,-1,-1
LOG3822312,0,1,1,1,0,1,0,1,0,8,0,5,0,5,0,3,250,-1,-1
LOG3822368,0,1,1,1,0,1,0,1,0,8,0,5,0,5,0,3,250,-1,-1
LOG3822425,0,1,1,1,0,1,0,1,0,8,0,5,0,5,0,3,250,-1,-1
LOG3822481,0,1,1,1,0,1,0,1,0,8,0,5,0,5,0,3,250,-1,-1
LOG3822537,0,1,1,1,0,1,0,1,0,8,0,5,0,5,0,3,250,-1,-1
LOG3822593,0,1,1,1,0,1,0,1,0,8,0,5,0,5,0,3,250,-1,-1
LOG3822649,0,1,1,1,0,1,0,1,0,8,0,5,0,5,0,3,250,-1,-1
LOG3822705,0,1,1,1,0,1,0,1,0,8,0,5,0,5,0,3,250,-1,-1
LOG3822761,0,1,1,1,0,1,0,1,0,8,0,5,0,5,0,3,250,-1,-1
LOG3822818,0,1,1,1,0,1,0,1,0,8,0,5,0,5,0,3,250,-1,-1
LOG3822874,0,1,1,1,0,1,0,1,0,8,0,5,0,5,0,3,251,-1,-1
LOG3822929,0,1,1,1,0,1,0,1,0,8,0,5,0,5,0,3,251,-1,-1
LOG3822986,0,1,1,1,0,1,0,1,0,8,0,5,0,5,0,3,251,-1,-1
LOG3823042,0,1,1,1,0,1,0,1,0,8,0,5,0,5,0,3,251,-1,-1
LOG3823098,0,1,1,1,0,1,0,1,0,8,0,5,0,5,0,3,251,-1,-1
LOG3823155,0,1,1,1,0,1,0,1,0,8,0,5,0,5,0,3,251,-1,-1
LOG3823211,0,1,1,1,0,1,0,1,0,8,0,5,0,5,0,3,251,-1,-1
LOG3823266,0,1,1,1,0,1,0,1,0,8,0,5,0,5,0,3,251,-1,-1
LOG3823323,0,1,1,1,0,1,0,1,0,8,0,5,0,5,0,3,251,-1,-1
LOG3823379,0,1,1,1,0,1,0,1,0,8,0,5,0,5,0,3,251,-1,-1
LOG3823435,0,1,1,1,0,1,0,1,0,8,0,5,0,5,0,3,251,-1,-1
LOG3823492,0,1,1,1,0,1,0,1,0,8,0,5,0,5,0,3,252,-1,-1
LOG3823548,0,1,1,1,0,1,0,1,0,8,0,5,0,5,0,3,252,-1,-1
LOG3823604,0,1,1,1,0,1,0,1,0,8,0,5,0,5,0,3,252,-1,-1
LOG3823660,0,1,1,1,0,1,0,1,0,8,0,5,0,5,0,3,252,-1,-1
LOG3823716,0,1,1,1,0,1,0,1,0,8,0,5,0,5,0,3,252,-1,-1
LOG3823772,0,1,1,1,0,1,0,1,0,8,0,5,0,5,0,3,252,-1,-1
LOG3823828,0,1,1,1,0,1,0,1,0,8,0,5,1,5,0,3,252,-1,-1
LOG3823885,0,1,1,1,0,1,0,1,0,8,0,5,0,5,0,3,252,-1,-1
LOG3823941,0,1,1,1,0,1,0,1,0,8,0,5,0,5,0,3,252,-1,-1
LOG3823996,0,1,1,1,0,1,0,1,0,8,0,5,0,5,0,3,252,-1,-1
LOG3824053,0,1,1,1,0,1,0,1,0,8,0,5,0,5,0,3,252,-1,-1
LOG3824109,0,1,1,1,0,1,0,1,0,8,0,5,0,5,0,3,252,-1,-1
LOG3824165,0,1,1,1,0,1,0,1,0,8,0,5,0,5,0,3,252,-1,-1
LOG3824222,0,1,1,1,0,1,0,1,0,8,0,5,0,5,0,3,253,-1,-1
LOG3824278,0,1,1,1,0,1,0,1,0,8,0,5,0,5,0,3,252,-1,-1
LOG3824334,0,1,1,1,0,1,0,1,0,8,0,5,0,5,0,3,253,-1,-1
LOG3824390,0,1,1,1,0,1,0,1,0,8,0,5,0,5,0,3,253,-1,-1
LOG3824446,0,1,1,1,0,1,0,1,0,8,0,5,0,5,0,3,253,-1,-1
LOG3824502,0,1,1,1,0,1,0,1,0,8,0,5,0,5,0,3,253,-1,-1
LOG3824559,0,1,1,1,0,1,0,1,0,8,0,5,0,5,0,3,253,-1,-1
LOG3824615,0,1,1,1,0,1,0,1,0,8,0,5,0,5,0,3,253,-1,-1
LOG3824671,0,1,1,1,0,1,0,1,0,8,0,5,0,5,0,3,253,-1,-1
LOG3824727,0,1,1,1,0,1,0,1,0,8,0,5,0,5,0,3,253,-1,-1
LOG3824783,0,1,1,1,0,1,0,1,0,8,0,5,0,5,0,3,253,-1,-1
LOG3824839,0,1,1,1,0,1,0,1,0,8,0,5,0,5,0,3,253,-1,-1
LOG3824896,0,1,1,1,0,1,0,1,0,8,0,5,0,5,0,3,253,-1,-1
LOG3824952,0,1,1,1,0,1,0,1,0,8,0,5,0,5,0,3,253,-1,-1
LOG3825008,0,1,1,1,0,1,0,1,0,8,0,5,0,5,0,3,253,-1,-1
LOG3825063,0,1,1,1,0,1,0,1,0,8,0,5,0,5,0,3,253,-1,-1
LOG3825120,0,1,1,1,0,1,0,1,0,8,0,5,0,5,0,3,254,-1,-1
LOG3825176,0,1,1,1,0,1,0,1,0,8,0,5,0,5,0,3,254,-1,-1
LOG3825232,0,1,1,1,0,1,0,1,0,8,0,5,0,5,0,3,254,-1,-1
LOG3825289,0,1,1,1,0,1,0,1,0,8,0,5,0,5,0,3,254,-1,-1
LOG3825345,0,1,1,1,0,1,0,1,0,8,0,5,0,5,0,3,254,-1,-1
LOG3825401,0,1,1,1,0,1,0,1,0,8,0,5,0,5,0,3,254,-1,-1
LOG3825457,0,1,1,1,0,1,0,1,0,8,0,5,0,5,0,3,254,-1,-1
LOG3825513,0,1,1,1,0,1,0,1,0,8,0,5,0,5,0,3,254,-1,-1
LOG3825569,0,1,1,1,0,1,0,1,0,8,0,5,0,5,0,3,254,-1,-1
LOG3825626,0,1,1,1,0,1,0,1,0,8,0,5,0,5,0,3,254,-1,-1
LOG3825682,0,1,1,1,0,1,0,1,0,8,0,5,0,5,0,3,254,-1,-1
LOG3825738,0,1,1,1,0,1,0,1,0,8,0,5,0,5,0,3,254,-1,-1
LOG3825794,0,1,1,1,0,1,0,1,0,8,0,5,0,5,0,3,254,-1,-1
LOG3825850,0,1,1,1,0,1,0,1,0,8,0,5,0,5,0,3,254,-1,-1
LOG3825906,0,1,1,1,0,1,0,1,0,8,0,5,0,5,0,3,254,-1,-1
LOG3825963,0,1,1,1,0,1,0,1,0,8,0,5,0,5,0,3,254,-1,-1
LOG3826019,0,1,1,1,0,1,0,1,0,8,0,5,0,5,0,3,254,-1,-1
LOG3826075,0,1,1,1,0,1,0,1,0,8,0,5,0,5,0,3,254,-1,-1
LOG3826131,0,1,1,1,0,1,0,1,0,8,0,5,0,5,0,3,254,-1,-1
LOG3826187,0,1,1,1,0,1,0,1,0,8,0,5,0,5,0,3,255,-1,-1
LOG3826243,0,1,1,1,0,1,0,1,0,8,0,5,0,5,0,3,255,-1,-1
LOG3826299,0,1,1,1,0,1,0,1,0,8,0,5,0,5,0,3,255,-1,-1
LOG3826356,0,1,1,1,0,1,0,1,0,8,0,5,0,5,0,3,255,-1,-1
LOG3826412,0,1,1,1,0,1,0,1,0,8,0,5,0,5,0,3,255,-1,-1
LOG3826468,0,1,1,1,0,1,0,1,0,8,0,5,0,5,0,3,255,-1,-1
LOG3826524,0,1,1,1,0,1,0,1,0,8,0,5,0,5,0,3,255,-1,-1
LOG3826580,0,1,1,1,0,1,0,1,0,8,0,5,0,5,0,3,255,-1,-1
LOG3826636,0,1,1,1,0,1,0,1,0,8,0,5,0,5,0,3,255,-1,-1
LOG3826693,0,1,1,1,0,1,0,1,0,8,0,5,0,5,0,3,255,-1,-1
LOG3826749,0,1,1,1,0,1,0,1,0,8,0,5,0,5,0,3,255,-1,-1
LOG3826805,0,1,1,1,0,1,0,1,0,8,0,5,0,5,0,3,255,-1,-1
LOG3826861,0,1,1,1,0,1,0,1,0,8,0,5,0,5,0,3,255,-1,-1
LOG3826917,0,1,1,1,0,1,0,1,0,8,0,5,0,5,0,3,255,-1,-1
LOG3826973,0,1,1,1,0,1,0,1,0,8,0,5,0,5,0,3,255,-1,-1
LOG3827030,0,1,1,1,0,1,0,1,0,8,0,5,0,5,0,3,255,-1,-1
LOG3827086,0,1,1,1,0,1,0,1,0,8,0,5,0,5,0,3,255,-1,-1
LOG3827142,0,1,1,1,0,1,0,1,0,8,0,5,0,5,0,3,255,-1,-1
LOG3827198,0,1,1,1,0,1,0,1,0,8,0,5,0,5,0,3,255,-1,-1
LOG3827254,0,1,1,1,0,1,0,1,0,8,0,5,0,5,0,3,255,-1,-1
LOG3827310,0,1,1,1,0,1,0,1,0,8,0,5,0,5,0,3,255,-1,-1
LOG3827366,0,1,1,1,0,1,0,1,0,8,0,5,0,5,0,3,255,-1,-1
LOG3827423,0,1,1,1,0,1,0,1,0,8,0,5,0,5,0,3,255,-1,-1
LOG3827479,0,1,1,1,0,1,0,1,0,8,0,5,0,5,0,3,255,-1,-1
LOG3827535,0,1,1,1,0,1,0,1,0,8,0,5,0,5,0,3,255,-1,-1
LOG3827591,0,1,1,1,0,1,0,1,0,8,0,5,0,5,0,3,256,-1,-1
LOG3827647,0,1,1,1,0,1,0,1,0,8,0,5,0,5,0,3,256,-1,-1
LOG3827703,0,1,1,1,0,1,0,1,0,8,0,5,0,5,0,3,256,-1,-1
LOG3827760,0,1,1,1,0,1,0,1,0,8,0,5,0,5,0,3,256,-1,-1
LOG3827816,0,1,1,1,0,1,0,1,0,8,0,5,0,5,0,3,256,-1,-1
LOG3827872,0,1,1,1,0,1,0,1,0,8,0,5,0,5,0,3,256,-1,-1
LOG3827929,0,1,1,1,0,1,0,1,0,8,0,5,0,5,0,3,256,-1,-1
LOG3827984,0,1,1,1,0,1,0,1,0,8,0,5,0,5,0,3,256,-1,-1
LOG3828040,0,1,1,1,0,1,0,1,0,8,0,5,0,5,0,3,256,-1,-1
LOG3828097,0,1,1,1,0,1,0,1,0,8,0,5,0,5,0,3,256,-1,-1
LOG3828153,0,1,1,1,0,1,0,1,0,8,0,5,0,5,0,3,256,-1,-1
LOG3828209,0,1,1,1,0,1,0,1,0,8,0,5,0,5,0,3,256,-1,-1
LOG3828265,0,1,1,1,0,1,0,1,0,8,0,5,0,5,0,3,256,-1,-1
LOG3828321,0,1,1,1,0,1,0,1,0,8,0,5,0,5,0,3,256,-1,-1
LOG3828377,0,1,1,1,0,1,0,1,0,8,0,5,0,5,0,3,256,-1,-1
LOG3828433,0,1,1,1,0,1,0,1,0,8,0,5,0,5,0,3,256,-1,-1
